 21 18 16 13 12 11 11 12 14 16 18 18 18 18 18 18 17 18 19 21 22 24 25 2523 1 1S91144 192220 2599999999999999 5 9 111548 1799999999999999
 23 21 18 14 11  9  8  8 10 12 14 17 18 19 20 21 21 21 22 23 24 26 27 2723 1 2S92243 27999999999999999999999 622  8999999999999999999999
 26 24 21 17 13 10  8  7  7  9 11 14 17 20 21 22 23 24 24 25 26 27 28 2923 1 3S92315 29999999999999999999999 716  6999999999999999999999
 29 27 24 21 17 12  9  6  6  7  9 12 16 19 22 23 25 25 26 26 27 28 29 3023 1 4S92353 31999999999999999999999 8 0  6999999999999999999999
 31 30 28 24 20 15 11  8  6  5  7 10 14 18 21 24 25 26 26 27 27 28 29 3023 1 5S99999999999999999999999999999 838  5999999999999999999999
 31 32 30 28 24 19 14  9  6  5  5  8 12 16 20 23 25 26 26 26 26 27 28 3023 1 6S9 037 32999999999999999999999 914  5999999999999999999999
 31 32 32 30 27 22 17 11  7  5  4  5  9 13 17 21 23 25 25 25 25 25 26 2823 1 7S9 122 32999999999999999999999 950  4999999999999999999999
 30 31 32 31 29 25 20 14  9  5  3  3  5  9 14 18 21 23 23 23 23 23 24 2523 1 8S9 2 6 329999999999999999999991027  3999999999999999999999
 27 29 31 31 30 27 22 17 11  6  3  2  3  6 10 14 18 20 21 21 21 21 21 2223 1 9S9 247 311833 219999999999999911 5  22050 2199999999999999
 24 26 28 29 29 27 24 19 13  8  4  2  2  3  7 11 15 17 19 20 19 19 19 1923 110S9 325 291857 20999999999999991140  12132 1999999999999999
 20 22 24 26 27 26 24 20 15 10  6  3  2  2  5  8 12 15 17 18 18 17 17 1723 111S9 4 2 271920 18999999999999991214  12222 1799999999999999
 17 18 20 22 24 24 23 20 16 12  8  5  3  2  4  7 10 13 16 17 17 16 15 1523 112S9 439 241938 17999999999999991243  22333 1599999999999999
 15 15 16 18 20 21 21 19 17 13 10  7  5  4  5  7 10 13 15 16 17 16 15 1423 113S9 520 211952 179999999999999913 7  4999999999999999999999
 13 13 13 14 16 17 18 18 16 15 12 10  8  7  7  9 11 14 16 17 18 17 16 1423 114S9 614 1820 2 1899999999999999 110 131323  799999999999999
 13 12 11 11 12 13 15 15 16 15 14 13 11 11 11 12 13 15 17 19 20 20 18 1623 115S9 746 162016 2099999999999999 233 111325 1199999999999999
 14 12 10  9  9 10 11 12 14 15 15 15 15 15 15 15 16 18 20 21 22 23 22 2023 116S91017 152039 2399999999999999 351  913 6 1599999999999999
 17 14 11  9  7  7  7  9 11 13 15 16 17 18 18 19 20 21 22 23 25 26 25 2423 117S92115 26999999999999999999999 5 5  7999999999999999999999
 21 17 14 10  7  5  4  5  6  9 13 16 18 20 21 22 22 23 24 25 26 28 28 2823 118S922 5 28999999999999999999999 610  4999999999999999999999
 26 22 18 14  9  5  3  1  2  5  8 13 17 20 22 23 24 24 25 26 27 28 30 3123 119S923 7 31999999999999999999999 7 9  1999999999999999999999
 30 28 24 19 13  8  3  0 -1  0  3  7 13 17 21 23 24 25 25 25 26 27 29 3123 120S99999999999999999999999999999 8 6 -1999999999999999999999
 32 32 29 25 19 13  6  1 -3 -4 -3  1  7 13 18 21 23 24 24 23 24 25 26 2923 121S9 016 32999999999999999999999 9 1 -4999999999999999999999
 31 33 33 30 25 19 12  4 -1 -5 -6 -4  0  7 13 17 20 22 22 21 21 21 22 2423 122S9 122 331727 2299999999999999 955 -620 7 2199999999999999
 27 31 33 33 30 25 18 10  3 -3 -6 -7 -5  1  7 13 17 19 20 19 18 17 17 1823 123S9 224 331749 20999999999999991045 -72110 1799999999999999
 21 25 29 31 31 28 23 16  8  1 -4 -7 -7 -4  2  8 13 16 17 17 15 14 13 1323 124S9 322 311814 18999999999999991132 -72221 1399999999999999
 14 17 22 26 28 27 25 20 13  6  0 -3 -5 -5 -1  5 10 14 16 16 15 12 10  923 125S9 420 281840 16999999999999991214 -62337  999999999999999
  9 11 14 18 22 23 23 21 16 10  5  1 -2 -2 -1  3  8 12 15 16 15 13 10  823 126S9 518 2419 6 16999999999999991252 -2999999999999999999999
  7  6  8 11 14 17 18 18 16 13  9  6  3  2  2  4  8 12 14 16 16 14 12  923 127S9 623 191931 1699999999999999 048  61323  299999999999999
  6  5  4  5  8 10 12 14 14 13 11  9  8  7  6  7 10 13 15 17 17 17 14 1123 128S9 742 141956 1799999999999999 156  41341  699999999999999
  8  6  4  3  3  5  7  9 10 11 11 11 11 11 11 11 13 15 17 18 19 19 17 1523 129S9 936 112020 1999999999999999 3 8  31235 1199999999999999
 12  9  6  4  2  2  3  5  7  8 10 11 12 13 14 15 16 17 19 20 21 21 20 1823 130S92045 21999999999999999999999 433  2999999999999999999999
 16 12  9  6  4  2  2  2  4  6  8 11 13 15 16 18 19 20 20 21 22 22 22 2123 131S92117 22999999999999999999999 559  2999999999999999999999
 19 16 13 10  7  4  2  1  2  4  6  9 12 15 17 19 20 21 21 22 23 23 23 2323 2 1S92210 23999999999999999999999 7 2  1999999999999999999999
 22 20 17 14 10  6  3  2  1  2  4  8 11 14 17 19 20 21 21 22 22 23 24 2423 2 2S92320 24999999999999999999999 749  1999999999999999999999
 24 23 20 17 13  9  5  2  1  1  2  5  9 13 16 18 19 20 20 21 21 22 23 2423 2 3S99999999999999999999999999999 829  0999999999999999999999
 24 24 23 20 16 12  7  3  0 -1  0  3  6 10 14 16 18 19 19 18 19 19 20 2223 2 4S9 024 24999999999999999999999 9 6 -1999999999999999999999
 23 24 24 22 19 14  9  4  0 -2 -2  0  3  7 11 14 16 17 17 16 16 16 17 1923 2 5S9 118 241714 1799999999999999 941 -21950 1699999999999999
 21 23 24 23 20 16 11  6  1 -2 -4 -3 -1  4  8 11 14 15 15 14 13 13 13 1523 2 6S9 2 4 241721 15999999999999991015 -42036 1399999999999999
 17 20 22 22 21 18 13  8  2 -2 -4 -5 -3  0  5  9 11 13 13 12 11 10 10 1123 2 7S9 246 221735 13999999999999991048 -52123 1099999999999999
 13 15 18 20 20 18 14  9  4 -1 -4 -5 -5 -2  2  6  9 11 11 11  9  8  7  723 2 8S9 325 201750 11999999999999991117 -52212  799999999999999
  8 11 14 17 18 17 15 11  6  1 -2 -4 -5 -3  1  5  8 10 11 10  8  6  5  523 2 9S9 4 5 1818 3 11999999999999991143 -523 5  599999999999999
  5  7  9 13 15 15 14 12  8  4  0 -2 -3 -2  1  5  8 10 11 11  9  7  5  323 210S9 447 151812 119999999999999912 4 -32359  399999999999999
  3  3  5  8 11 13 13 12  9  6  3  1  1  1  3  6  9 11 12 12 11  8  5  323 211S9 537 131819 12999999999999991217  1999999999999999999999
  2  2  2  4  7 10 11 11 10  9  7  5  4  5  6  8 11 13 15 15 13 11  8  523 212S9 646 111830 1599999999999999 054  21214  499999999999999
  2  1  1  2  4  6  8 10 10 10  9  9  8  9 10 11 13 15 17 17 17 14 11  823 213S9 824 101849 1799999999999999 152  11154  899999999999999
  5  2  1  0  1  2  5  7  9 10 11 11 12 12 13 14 16 18 19 20 20 18 16 1223 214S91919 20999999999999999999999 259  0999999999999999999999
  8  5  2  0 -1  0  1  3  5  8 10 12 13 15 16 17 18 19 21 22 22 22 20 1723 215S920 4 22999999999999999999999 420 -1999999999999999999999
 14 10  6  2  0 -2 -2 -1  1  4  8 11 13 15 17 18 19 20 21 22 23 23 23 2223 216S92119 23999999999999999999999 546 -2999999999999999999999
 19 15 11  6  2 -1 -4 -5 -4 -1  3  7 11 14 16 18 19 19 20 20 21 23 24 2423 217S92255 24999999999999999999999 7 0 -5999999999999999999999
 23 21 17 12  7  2 -3 -6 -7 -6 -3  2  7 11 14 16 17 17 17 18 18 19 21 2323 218S99999999999999999999999999999 8 3 -7999999999999999999999
 25 24 22 18 12  6  0 -5 -8 -9 -8 -4  2  7 11 14 15 15 14 14 14 15 16 1923 219S9 020 251627 1599999999999999 858 -91928 1499999999999999
 22 25 25 22 18 12  5 -2 -7-10-11 -9 -4  2  7 11 13 13 12 10  9  9 10 1323 220S9 129 251636 1399999999999999 946-112033  999999999999999
 17 21 23 24 21 16 10  3 -4 -8-11-11 -8 -2  4  8 11 11 10  8  5  4  4  523 221S9 232 241652 11999999999999991030-112137  499999999999999
  9 14 18 21 21 19 14  8  1 -5 -8-10 -9 -5  1  6  9 11 10  7  4  1  0  023 222S9 332 211712 119999999999999911 9-102239  099999999999999
  1  5 11 15 18 18 15 11  5  0 -4 -7 -7 -5  0  5  9 11 11  9  5  1 -2 -323 223S9 431 181733 11999999999999991143 -72337 -499999999999999
 -4 -2  3  8 12 14 14 12  8  4  0 -2 -3 -3  0  5  9 11 12 11  7  3 -1 -423 224S9 534 141755 12999999999999991212 -3999999999999999999999
 -5 -5 -3  1  5  8 10 10  9  6  4  2  1  1  3  6 10 12 13 13 10  7  2 -123 225S9 641 101814 1399999999999999 032 -61229  199999999999999
 -4 -6 -5 -3  0  3  5  7  8  7  6  6  6  6  7  9 11 13 14 14 13 10  7  323 226S9 8 1  81831 1599999999999999 128 -61148  699999999999999
 -1 -3 -5 -5 -3 -1  1  4  5  7  7  8  9  9 10 12 13 15 16 16 15 13 10  723 227S91841 16999999999999999999999 228 -5999999999999999999999
  4  1 -2 -3 -3 -3 -1  1  3  5  7  8 10 12 13 14 15 16 17 17 17 16 14 1123 228S91845 17999999999999999999999 341 -3999999999999999999999
  8  5  2  0 -2 -2 -2 -1  1  3  6  8 10 12 14 16 17 17 18 18 18 17 16 1423 3 1S91845 18999999999999999999999 514 -2999999999999999999999
 12  9  6  4  1 -1 -2 -2 -1  1  4  7 10 12 14 16 16 17 17 17 17 17 17 1623 3 2S919 6 17999999999999999999999 631 -2999999999999999999999
 15 13 10  7  4  1 -1 -2 -2 -1  2  5  8 11 13 15 15 16 16 16 16 16 17 1723 3 3S92259 17999999999999999999999 725 -2999999999999999999999
 17 15 13 10  6  3  0 -2 -3 -3 -1  2  6  9 11 13 14 14 13 13 13 14 15 1623 3 4S99999999999999999999999999999 8 8 -3999999999999999999999
 17 16 15 12  9  5  1 -2 -4 -5 -3 -1  3  7  9 11 12 11 11 10 10 11 12 1323 3 5S9 017 171613 1299999999999999 844 -51942 1099999999999999
 15 16 16 14 11  7  2 -2 -5 -6 -6 -4  0  4  7  9 10  9  8  7  7  7  8  923 3 6S9 114 161611 1099999999999999 918 -62023  799999999999999
 12 14 15 15 12  9  4 -1 -5 -7 -7 -6 -3  1  5  7  8  8  7  5  3  3  3  523 3 7S9 2 3 151618  899999999999999 948 -821 5  399999999999999
  8 11 13 14 13 10  6  1 -3 -6 -8 -7 -5 -1  3  6  7  7  6  3  1  0  0  123 3 8S9 247 141627  8999999999999991016 -82147  099999999999999
  3  7 10 12 12 11  7  3 -1 -5 -7 -7 -5 -2  3  6  7  7  6  3  0 -2 -3 -323 3 9S9 332 121635  8999999999999991042 -72228 -399999999999999
 -1  2  6 10 11 11  9  5  1 -2 -4 -5 -4 -1  3  6  8  8  7  4  1 -2 -4 -523 310S9 420 111641  89999999999999911 4 -523 8 -599999999999999
 -5 -2  2  6  9 10  9  7  4  1 -1 -2 -2  0  4  7 10 10  9  7  3 -1 -4 -623 311S9 513 101650 10999999999999991120 -22350 -799999999999999
 -6 -5 -2  2  6  8  9  9  7  5  3  2  2  3  6  9 12 13 12 10  6  2 -2 -523 312S9 615  917 3 13999999999999991121  2999999999999999999999
 -7 -7 -5 -2  2  6  8  9  9  8  6  6  6  7  9 11 14 15 15 13 10  6  1 -323 313S9 726  91722 1599999999999999 035 -711 4  699999999999999
 -5 -6 -6 -5 -1  2  5  7  9  9  9  9 10 11 12 13 15 17 17 16 14 11  6  223 314S91747 17999999999999999999999 127 -7999999999999999999999
 -2 -4 -6 -6 -4 -2  1  4  7  9 10 11 12 13 14 15 17 18 19 19 17 15 11  723 315S91820 19999999999999999999999 231 -6999999999999999999999
  3  0 -3 -5 -5 -5 -3  0  3  6  8 10 12 14 15 16 17 18 19 19 19 18 16 1323 316S91915 19999999999999999999999 354 -5999999999999999999999
  9  5  1 -2 -5 -6 -6 -5 -2  1  5  8 11 13 14 15 16 16 17 17 18 18 18 1723 317S92111 18999999999999999999999 531 -6999999999999999999999
 14 11  6  2 -2 -5 -7 -8 -6 -3  1  5  8 11 13 14 14 14 14 14 15 16 17 1823 318S923 5 18999999999999999999999 650 -8999999999999999999999
 18 15 12  8  3 -2 -6 -8 -9 -8 -4  0  5  8 10 11 11 10 10  9 10 11 13 1623 319S91520 11999999999999999999999 751 -91857  999999999999999
 18 18 16 12  8  2 -3 -7-10-10 -8 -4  1  6  8 10  9  8  6  5  4  5  7 1123 320S9 030 181518 1099999999999999 841-101957  499999999999999
 14 17 17 16 12  7  1 -4 -8-10-10 -7 -2  3  7  9  9  7  4  1 -1 -1  0  323 321S9 140 181528  999999999999999 923-102052 -199999999999999
  8 13 16 16 14 11  5  0 -5 -8 -9 -7 -3  2  6  8  9  7  4  0 -3 -5 -6 -423 322S9 245 161544  99999999999999910 1 -92144 -699999999999999
  0  6 11 14 14 13  9  4 -1 -4 -6 -6 -3  1  6  9 10  9  6  1 -4 -7 -9 -923 323S9 348 1416 3 10999999999999991034 -62235 -999999999999999
 -7 -2  4  9 11 12 11  7  3  0 -2 -3 -2  2  6  9 11 11  9  4 -1 -6 -9-1123 324S9 451 121623 119999999999999911 2 -32323-1199999999999999
-11 -8 -2  3  7  9 10  9  6  4  2  2  2  4  7 10 13 13 11  8  3 -2 -7-1023 325S9 553 101643 13999999999999991121  2999999999999999999999
-11-10 -7 -2  2  5  8  9  8  7  6  6  6  7  9 12 14 14 14 11  7  2 -3 -623 326S9 7 0  91659 1499999999999999 010-1111 4  699999999999999
 -9-10 -8 -5 -2  2  5  7  8  8  8  8  9 10 11 13 15 16 15 14 11  7  2 -223 327S91710 16999999999999999999999 057-10999999999999999999999
 -5 -7 -7 -6 -4 -1  2  4  7  8  9 10 11 12 14 15 16 17 16 15 13 10  7  323 328S91714 17999999999999999999999 147 -7999999999999999999999
  0 -3 -4 -5 -4 -2  0  2  5  7  9 10 12 13 15 16 16 17 17 16 15 13 10  723 329S91712 17999999999999999999999 247 -5999999999999999999999
  4  1 -1 -2 -3 -3 -2  0  2  5  7  9 11 13 15 15 16 16 16 16 15 14 12 1023 330S917 8 16999999999999999999999 4 8 -3999999999999999999999
  8  5  3  0 -1 -2 -2 -1  0  3  5  8 10 12 13 14 15 15 15 14 14 14 13 1223 331S91645 15999999999999999999999 536 -2999999999999999999999
 10  8  6  3  1 -1 -2 -3 -2  0  3  6  8 10 12 12 13 12 12 12 12 12 12 1223 4 1S91536 132239 1399999999999999 639 -31933 1299999999999999
 12 10  8  6  3  0 -2 -3 -3 -2  1  4  7  9 10 11 10 10  9  8  8  9 10 1123 4 2S915 6 11999999999999999999999 726 -31934  899999999999999
 12 12 10  8  5  1 -1 -3 -4 -4 -1  2  5  7  9  9  9  7  6  5  5  5  7  923 4 3S9 0 8 121456  999999999999999 8 3 -41959  599999999999999
 11 11 11  9  7  3  0 -3 -4 -5 -3  0  3  6  8  8  8  6  4  2  1  1  2  523 4 4S9 112 111455  899999999999999 835 -52031  199999999999999
  8 10 11 10  9  5  2 -1 -4 -4 -4 -1  2  6  8  8  8  5  3  0 -2 -3 -2  023 4 5S9 2 7 111458  899999999999999 9 4 -421 5 -399999999999999
  4  8 10 11 10  8  4  1 -2 -3 -3 -1  2  6  8  9  8  6  3 -1 -4 -5 -6 -423 4 6S9 3 0 1115 3  999999999999999 930 -32140 -699999999999999
  0  4  8 10 11 10  7  4  1 -1 -1  0  3  6  9 11 10  8  5  0 -4 -7 -8 -723 4 7S9 353 111512 1199999999999999 954 -12216 -899999999999999
 -5  0  5  9 11 11 10  7  5  3  2  2  4  8 11 13 13 11  8  3 -2 -6 -9 -923 4 8S9 447 111527 13999999999999991014  22254 -999999999999999
 -8 -4  1  6  9 11 12 10  8  6  6  6  7  9 13 15 16 14 11  7  1 -4 -8 -923 4 9S9 542 121547 16999999999999991023  62335-1099999999999999
-10 -7 -3  2  7 10 12 12 11 10  9  9 10 12 14 17 18 18 15 11  6  0 -4 -823 410S9 642 121611 18999999999999991016  9999999999999999999999
 -9 -9 -6 -2  3  7 10 12 12 12 12 12 13 14 16 18 20 20 18 16 11  6  0 -423 411S91639 20999999999999999999999 021 -9999999999999999999999
 -7 -8 -7 -5 -1  3  6  9 12 12 13 14 15 16 17 18 20 21 20 19 16 11  6  123 412S91713 21999999999999999999999 115 -8999999999999999999999
 -2 -5 -6 -6 -4 -1  2  6  9 11 12 14 15 16 17 18 19 20 20 20 18 15 12  723 413S91759 20999999999999999999999 221 -6999999999999999999999
  3  0 -3 -5 -5 -4 -2  1  5  8 10 12 14 15 16 16 17 18 18 19 19 18 16 1223 414S91926 19999999999999999999999 344 -5999999999999999999999
  9  5  1 -2 -4 -5 -5 -3  0  4  7 10 12 13 14 14 14 14 14 15 16 17 17 1623 415S92134 17999999999999999999999 514 -5999999999999999999999
 13 10  7  3 -1 -3 -5 -5 -3  0  4  8 10 12 12 12 11 10 10 10 11 13 15 1623 416S914 0 122320 1699999999999999 626 -51815 1099999999999999
 16 14 11  7  3  0 -3 -5 -4 -2  2  6  9 11 11 10  9  7  5  5  5  7 10 1323 417S91353 11999999999999999999999 722 -51912  599999999999999
 15 15 14 12  8  4  0 -2 -4 -3  0  4  8 10 11 10  8  5  2  0  0  0  3  723 418S9 045 1514 0 1199999999999999 8 7 -420 2  099999999999999
 11 14 15 14 11  8  4  1 -1 -1  0  4  8 11 12 12  9  6  1 -2 -4 -5 -3  023 419S9 159 151414 1299999999999999 845 -22050 -599999999999999
  6 10 13 14 14 11  8  5  2  1  2  4  8 12 14 14 12  8  3 -2 -6 -8 -8 -523 420S9 3 7 141433 1499999999999999 918  12136 -899999999999999
 -1  5 10 13 14 13 11  8  6  5  5  6  9 12 15 16 15 12  7  1 -4 -8-10 -923 421S9 411 141455 1699999999999999 946  52220-1099999999999999
 -6 -1  5  9 12 14 13 11 10  8  8  9 10 13 16 18 18 15 11  5 -1 -5 -9-1023 422S9 511 141518 189999999999999910 5  823 3-1099999999999999
 -9 -5  1  6 10 13 14 13 12 11 11 12 13 15 17 19 19 18 15 10  4 -1 -5 -823 423S9 611 141540 2099999999999999 956 112345 -999999999999999
 -8 -7 -3  2  7 10 13 14 14 13 14 14 15 16 18 20 21 20 18 14  9  4 -1 -423 424S91559 219999999999999999999999999999999999999999999999999
 -6 -6 -4  0  4  7 11 13 14 14 15 16 17 18 19 20 21 21 19 17 13  8  4  023 425S91615 21999999999999999999999 027 -6999999999999999999999
 -3 -4 -3 -1  2  5  8 11 13 14 15 16 17 18 19 20 21 21 20 18 15 12  8  423 426S91628 21999999999999999999999 113 -4999999999999999999999
  1 -1 -2 -1  1  3  6  8 11 13 14 16 17 18 19 19 20 20 19 18 17 14 11  823 427S91637 20999999999999999999999 2 5 -2999999999999999999999
  5  3  1  0  1  2  4  6  8 11 13 14 16 17 17 18 18 18 18 17 17 15 13 1123 428S91631 18999999999999999999999 3 8  0999999999999999999999
  8  6  4  2  1  1  2  4  6  9 11 13 14 15 16 16 16 16 15 15 15 15 14 1223 429S91451 16999999999999999999999 423  1999999999999999999999
 11  9  6  4  3  2  2  3  5  7  9 11 13 14 14 14 13 13 12 12 12 13 13 1323 430S91354 142213 1399999999999999 529  21856 1299999999999999
 12 11  9  7  4  3  2  2  4  6  8 11 12 13 13 12 11 10  9  8  9 10 11 1223 5 1S91332 132359 1299999999999999 619  21912  899999999999999
 12 12 11  9  7  5  3  3  3  5  8 10 12 13 13 12 10  8  6  5  5  6  8 1023 5 2S91322 13999999999999999999999 658  31940  599999999999999
 12 13 12 11  9  7  5  4  4  5  8 11 13 14 14 12 10  7  4  2  1  2  4  723 5 3S9 116 131320 1499999999999999 731  42010  199999999999999
 10 13 14 13 12 10  8  6  6  7  9 11 14 16 15 14 11  8  4  1 -1 -1  0  423 5 4S9 221 141327 1699999999999999 8 0  62043 -299999999999999
  8 11 14 15 15 13 11  9  9  9 10 13 16 18 18 17 14 10  5  1 -2 -4 -3 -123 5 5S9 319 151342 1899999999999999 826  82118 -499999999999999
  4  9 13 16 17 16 15 13 12 11 12 14 17 20 21 20 18 14  8  3 -2 -5 -6 -423 5 6S9 413 1714 5 2199999999999999 849 112156 -699999999999999
  0  5 11 15 17 18 18 16 15 14 15 16 18 21 23 24 22 18 13  6  1 -4 -6 -623 5 7S9 5 6 181433 2499999999999999 9 6 142238 -699999999999999
 -4  1  7 12 16 19 19 19 18 17 17 18 20 22 25 26 25 23 18 12  5  0 -4 -623 5 8S9 6 1 1915 6 2699999999999999 915 172324 -699999999999999
 -6 -3  2  8 13 17 19 20 19 19 19 20 21 23 25 27 28 26 23 18 11  5  0 -423 5 9S9 7 3 201543 2899999999999999 916 19999999999999999999999
 -5 -5 -2  3  8 13 16 19 20 20 20 21 21 23 24 26 28 28 26 22 17 11  5  123 510S91626 28999999999999999999999 016 -5999999999999999999999
 -2 -4 -3  0  4  8 12 16 18 19 20 20 21 22 23 24 26 27 26 25 21 17 11  723 511S91717 27999999999999999999999 113 -4999999999999999999999
  3  0 -2 -2  1  4  8 12 15 17 18 19 20 20 21 21 23 24 24 24 23 20 17 1223 512S91826 25999999999999999999999 219 -2999999999999999999999
  8  4  2  0  0  1  4  8 11 14 16 18 18 19 18 18 19 19 20 21 22 21 19 1723 513S920 1 22999999999999999999999 331  0999999999999999999999
 13 10  6  4  2  2  3  5  9 12 15 17 17 17 16 16 15 14 15 16 18 19 19 1923 514S91220 172155 1999999999999999 443  21658 1499999999999999
 17 14 11  8  6  4  4  5  7 11 14 16 17 17 16 14 12 11 10 10 12 14 16 1823 515S91219 172340 1899999999999999 544  418 9 1099999999999999
 18 17 15 13 10  8  6  6  8 10 14 16 18 18 16 14 11  8  6  5  6  8 12 1523 516S91229 18999999999999999999999 634  619 5  599999999999999
 17 18 18 16 14 12 10  9 10 11 14 17 19 20 19 16 12  8  5  2  2  3  6 1023 517S9 111 181245 2099999999999999 715  91954  299999999999999
 14 17 18 18 17 16 14 13 13 13 16 19 21 22 22 19 15 10  6  2  0 -1  1  523 518S9 230 1913 6 2299999999999999 747 132039 -199999999999999
 10 15 18 19 20 19 17 16 16 16 17 20 23 24 24 23 19 14  9  4  0 -2 -2  123 519S9 339 201331 2599999999999999 812 162122 -299999999999999
  6 11 16 19 21 21 20 19 19 19 19 21 24 26 27 26 23 19 13  7  2 -1 -2 -123 520S9 440 211359 2799999999999999 824 1922 3 -299999999999999
  3  8 13 17 20 22 22 21 21 21 21 23 25 27 28 28 26 23 18 12  6  2 -1 -123 521S9 537 221428 2899999999999999 821 212243 -199999999999999
  1  5 10 15 18 21 22 23 22 22 23 24 25 27 29 29 28 26 22 16 11  6  2  023 522S91458 299999999999999999999992323  0999999999999999999999
  0  3  7 12 16 19 22 23 23 23 24 24 25 27 28 29 29 28 25 20 15 10  6  323 523S91527 309999999999999999999999999999999999999999999999999
  2  2  5  9 13 17 20 22 22 23 23 24 25 26 27 29 29 28 26 23 19 14  9  623 524S91557 29999999999999999999999 0 5  2999999999999999999999
  4  3  5  7 11 14 17 20 21 22 23 23 24 25 26 27 27 27 26 24 21 17 13  923 525S91628 28999999999999999999999 048  3999999999999999999999
  7  5  5  6  9 12 15 17 19 20 21 22 23 23 24 25 25 25 25 24 22 19 16 1223 526S917 1 25999999999999999999999 134  5999999999999999999999
 10  7  6  7  8 10 12 15 17 19 20 21 21 22 22 22 22 23 23 22 21 20 17 1523 527S91745 23999999999999999999999 223  6999999999999999999999
 12 10  9  8  8  9 11 14 16 18 19 20 20 20 20 20 20 19 20 20 20 19 18 1723 528S91231 20999999999999999999999 313  8999999999999999999999
 15 13 11 10 10 10 11 13 15 17 19 20 20 20 19 18 17 16 16 17 17 18 18 1723 529S91151 202151 1899999999999999 4 1 101751 1699999999999999
 17 15 14 13 12 12 12 14 16 18 20 21 21 20 19 17 15 14 13 13 14 15 17 1823 530S91138 212358 1899999999999999 444 121829 1399999999999999
 18 18 17 16 15 14 14 15 17 19 21 22 22 21 20 17 15 12 11 10 11 12 15 1723 531S91137 22999999999999999999999 522 1419 3 1099999999999999
 19 20 20 19 18 17 17 17 19 21 23 25 25 24 22 19 15 12  9  8  7  9 12 1523 6 1S9 132 201149 2599999999999999 556 171938  799999999999999
 18 21 22 22 22 21 20 20 21 23 25 27 28 28 25 22 18 13  9  6  5  5  8 1223 6 2S9 243 221211 2899999999999999 628 202015  599999999999999
 17 20 23 25 25 24 23 23 23 24 26 29 31 31 30 26 22 17 11  7  4  3  4  823 6 3S9 341 251241 3199999999999999 659 232056  399999999999999
 13 18 23 25 27 27 26 26 26 26 28 30 33 34 34 31 27 22 15  9  5  2  2  423 6 4S9 433 271318 3499999999999999 729 262140  199999999999999
  9 14 20 24 27 28 28 28 27 28 29 30 33 35 36 35 32 27 21 14  8  3  1  123 6 5S9 524 2814 1 3699999999999999 757 272229  199999999999999
  4  9 15 21 25 28 29 29 28 28 29 30 32 35 37 38 36 33 27 20 13  7  3  123 6 6S91449 389999999999999999999992321  1999999999999999999999
  1  5 10 16 21 25 27 28 28 28 28 29 31 33 35 37 38 36 32 26 20 13  7  323 6 7S91540 389999999999999999999999999999999999999999999999999
  2  2  5 10 16 21 24 26 27 27 27 28 28 30 32 34 36 36 34 31 25 19 13  823 6 8S91636 36999999999999999999999 016  1999999999999999999999
  5  3  4  7 11 16 20 23 25 26 26 26 26 27 28 30 32 33 34 32 29 24 19 1423 6 9S91738 34999999999999999999999 113  3999999999999999999999
 10  7  5  6  9 13 17 20 23 24 25 24 24 24 24 25 26 28 30 30 29 27 23 1923 610S9 957 251851 3099999999999999 2 9  51330 2499999999999999
 15 12  9  8  9 11 15 18 21 23 24 24 23 22 21 21 21 22 24 26 26 26 25 2323 611S91015 242024 2799999999999999 3 4  81514 2199999999999999
 20 17 14 12 12 13 15 18 21 23 25 25 24 22 20 18 17 17 18 20 22 23 24 2423 612S91034 252217 2499999999999999 356 121641 1799999999999999
 23 21 19 17 16 16 17 19 22 24 26 27 26 24 21 18 16 14 13 14 16 19 21 2323 613S91054 27999999999999999999999 443 161754 1399999999999999
 24 23 23 22 21 20 20 21 23 26 28 29 29 27 24 20 16 13 11 11 12 14 17 2123 614S9 014 241116 2999999999999999 521 201854 1199999999999999
 23 24 25 25 24 24 24 24 26 27 30 31 32 30 27 24 19 15 12  9  9 10 14 1723 615S9 211 251142 3299999999999999 547 241944  999999999999999
 21 24 26 27 27 27 27 27 28 29 31 33 34 34 31 28 23 18 14 10  8  8 11 1423 616S91211 349999999999999999999992028  8999999999999999999999
 19 23 26 28 29 29 29 30 30 31 32 34 36 36 35 32 28 23 17 13 10  8  9 1223 617S91245 3699999999999999999999921 9  8999999999999999999999
 16 21 25 28 30 31 31 31 31 32 33 35 36 38 37 35 32 27 22 16 12  9  9 1023 618S91322 389999999999999999999992149  9999999999999999999999
 14 18 23 27 30 31 32 32 32 32 33 35 36 38 38 38 35 31 26 20 15 11  9  923 619S914 1 389999999999999999999992229  9999999999999999999999
 12 16 20 25 28 30 31 31 32 32 33 34 35 37 38 38 37 34 30 24 18 14 11  923 620S91441 3999999999999999999999923 9  9999999999999999999999
 10 13 17 22 26 28 30 31 31 31 31 32 33 35 37 38 37 36 32 27 22 17 13 1123 621S91520 389999999999999999999992349 10999999999999999999999
 10 11 14 19 23 26 28 29 29 30 30 31 31 33 34 36 36 35 33 29 25 20 16 1223 622S91558 369999999999999999999999999999999999999999999999999
 11 11 13 16 20 23 26 27 28 28 28 29 29 30 31 33 34 34 33 30 27 22 18 1523 623S91636 34999999999999999999999 028 11999999999999999999999
 13 12 12 14 18 21 24 25 27 27 27 27 27 28 28 29 31 31 31 30 27 24 21 1723 624S91716 31999999999999999999999 1 6 12999999999999999999999
 15 14 13 15 17 20 22 24 26 26 26 26 26 26 26 26 27 28 28 28 27 25 23 2023 625S9 931 2618 5 2899999999999999 141 131324 2699999999999999
 18 16 16 16 18 20 22 24 26 27 27 26 25 25 24 24 24 25 25 26 26 25 24 2223 626S9 933 271927 2699999999999999 211 161514 2499999999999999
 21 19 19 19 20 21 23 25 27 28 28 27 26 25 23 22 22 21 22 23 24 25 25 2423 627S9 937 282147 2599999999999999 234 191634 2199999999999999
 24 23 22 22 22 24 25 27 29 30 30 30 28 26 24 22 20 19 19 20 21 23 25 2623 628S9 945 30999999999999999999999 249 221733 1999999999999999
 26 26 26 26 26 27 28 29 31 33 34 33 31 29 26 23 20 18 17 17 18 21 24 2623 629S910 4 349999999999999999999991821 17999999999999999999999
 28 29 29 29 30 30 31 32 34 35 37 37 35 33 29 25 21 18 16 15 15 18 21 2523 630S91033 3799999999999999999999919 6 15999999999999999999999
 28 30 32 32 33 33 33 34 36 37 39 40 40 38 34 29 24 20 16 13 13 14 17 2223 7 1S91113 409999999999999999999991952 12999999999999999999999
 26 30 33 34 35 35 35 36 37 38 40 42 43 42 39 35 29 24 18 14 11 11 13 1723 7 2S912 1 439999999999999999999992041 11999999999999999999999
 22 27 32 34 36 36 36 37 37 38 40 42 44 45 44 41 36 29 23 16 12  9  9 1223 7 3S91255 459999999999999999999992133  9999999999999999999999
 17 22 28 32 35 36 36 36 36 37 38 41 43 46 46 45 41 36 29 21 15 10  8  823 7 4S91353 469999999999999999999992226  8999999999999999999999
 11 17 23 28 32 35 35 35 35 35 36 38 40 43 46 46 45 41 35 28 20 14 10  723 7 5S91451 469999999999999999999992320  7999999999999999999999
  8 11 17 23 28 31 33 34 33 33 33 34 35 38 42 44 45 43 39 33 26 19 14 1023 7 6S9 647 341548 4599999999999999 911 33999999999999999999999
  8  9 13 18 24 28 31 32 32 31 30 30 31 33 35 39 42 42 41 37 32 25 19 1423 7 7S9 719 321648 4299999999999999 011  81030 3099999999999999
 11 10 11 15 20 25 28 30 31 30 29 28 28 28 29 32 35 38 38 37 34 30 25 2023 7 8S9 750 311752 3899999999999999 1 0 101215 2799999999999999
 16 14 13 15 19 23 27 29 31 30 29 27 26 25 25 26 28 31 33 34 34 32 28 2523 7 9S9 819 3119 9 3499999999999999 144 131341 2599999999999999
 22 19 18 18 20 23 27 29 31 32 31 29 26 24 23 22 23 25 27 29 30 31 30 2823 710S9 847 322046 3199999999999999 224 181459 2299999999999999
 26 24 23 23 23 25 28 30 32 33 33 31 29 26 23 21 20 20 21 24 26 28 29 2923 711S9 914 342253 2999999999999999 257 231620 2099999999999999
 29 28 28 27 28 29 30 32 34 36 36 35 32 29 26 23 20 18 18 19 21 24 27 2923 712S9 942 36999999999999999999999 313 271737 1899999999999999
 30 31 31 31 32 32 33 35 36 38 39 38 36 33 30 26 22 19 18 17 18 21 24 2723 713S91013 399999999999999999999991842 17999999999999999999999
 30 32 33 34 35 35 36 37 38 39 41 41 40 38 34 30 26 22 19 17 17 19 22 2523 714S91049 419999999999999999999991935 17999999999999999999999
 29 32 34 36 37 37 38 38 39 40 42 43 43 41 39 35 30 26 22 19 17 18 20 2323 715S91131 439999999999999999999992019 17999999999999999999999
 27 31 34 36 37 38 39 39 40 41 42 43 44 44 42 39 35 30 25 21 18 17 18 2123 716S91219 4499999999999999999999921 0 17999999999999999999999
 25 29 33 35 37 38 38 39 39 40 41 42 44 45 44 42 38 34 28 23 20 17 17 1923 717S913 8 459999999999999999999992140 17999999999999999999999
 22 27 31 34 36 37 37 37 38 38 39 41 43 44 45 44 41 37 32 26 21 18 17 1723 718S91354 459999999999999999999992218 16999999999999999999999
 19 23 28 32 34 36 36 36 36 36 37 38 40 42 44 44 42 39 34 29 23 19 17 1623 719S91437 449999999999999999999992255 16999999999999999999999
 17 20 24 29 32 34 35 34 34 34 34 35 37 39 41 42 42 40 36 31 26 21 18 1623 720S9 619 351517 4299999999999999 840 342331 1699999999999999
 16 18 21 26 29 31 33 33 32 32 32 32 33 35 38 40 40 39 37 33 28 23 19 1723 721S9 640 331556 4099999999999999 927 32999999999999999999999
 16 17 20 23 27 30 31 32 31 31 30 30 31 32 34 36 37 37 36 33 30 25 22 1923 722S9 7 1 321635 3899999999999999 0 3 161024 3099999999999999
 18 17 19 22 26 29 30 31 31 30 29 29 28 29 30 32 34 35 35 33 31 28 24 2223 723S9 719 311717 3599999999999999 032 171146 2899999999999999
 20 20 21 23 26 29 31 32 32 31 29 28 27 27 27 28 30 32 32 32 31 29 27 2523 724S9 732 321814 3299999999999999 055 201310 2799999999999999
 24 23 23 25 27 30 32 33 33 32 31 29 27 26 26 26 27 29 30 31 31 30 29 2823 725S9 741 331948 3199999999999999 1 9 231420 2699999999999999
 27 27 27 28 30 32 34 35 36 35 34 31 29 27 25 25 25 26 27 29 30 31 31 3123 726S9 752 36999999999999999999999 1 4 271527 2599999999999999
 31 31 31 32 33 35 37 38 39 39 37 35 32 29 26 25 23 23 24 26 28 30 32 3323 727S9 813 399999999999999999999991636 23999999999999999999999
 34 34 35 35 36 38 39 41 42 42 41 39 36 33 29 26 23 22 22 23 25 28 31 3323 728S9 847 429999999999999999999991742 22999999999999999999999
 35 37 37 38 39 40 41 42 44 45 45 44 41 37 33 29 25 22 20 20 21 24 28 3223 729S9 934 459999999999999999999991842 20999999999999999999999
 35 37 39 40 41 41 42 43 45 46 47 47 46 43 39 34 29 24 20 18 18 20 23 2823 730S91035 479999999999999999999991939 18999999999999999999999
 32 36 39 40 41 42 42 43 44 45 47 49 49 48 44 40 34 28 23 18 16 16 18 2223 731S91145 499999999999999999999992035 15999999999999999999999
 27 32 36 39 40 41 41 41 42 43 45 47 50 50 49 45 40 34 27 21 16 14 14 1723 8 1S91253 509999999999999999999992129 13999999999999999999999
 21 27 32 36 38 39 39 38 38 39 41 43 47 50 51 49 45 40 33 25 19 14 12 1323 8 2S9 510 391357 5199999999999999 726 382221 1299999999999999
 16 22 28 32 35 37 37 36 35 35 36 38 41 45 48 50 48 44 38 31 24 18 14 1223 8 3S9 527 371456 5099999999999999 832 3523 9 1299999999999999
 13 17 23 29 33 35 35 34 33 31 31 32 34 38 42 46 47 46 42 36 29 23 18 1423 8 4S9 549 351556 4799999999999999 943 312353 1399999999999999
 13 15 20 26 30 33 34 34 32 30 28 28 28 30 35 39 42 43 42 39 34 28 23 1923 8 5S9 613 351658 439999999999999911 5 28999999999999999999999
 17 17 20 24 29 32 34 34 33 30 27 26 25 25 27 31 35 38 39 38 36 32 28 2423 8 6S9 639 3518 7 3999999999999999 032 171220 2599999999999999
 22 21 22 25 29 32 35 36 35 32 29 26 24 23 23 25 28 32 34 35 35 34 31 2923 8 7S9 7 5 361928 3599999999999999 1 7 211327 2299999999999999
 27 26 26 28 31 34 36 37 37 36 33 29 26 24 22 22 23 26 28 31 32 33 33 3223 8 8S9 731 382111 3399999999999999 134 261436 2299999999999999
 32 31 31 32 34 36 38 39 40 39 37 34 30 27 24 22 22 22 24 26 29 31 32 3323 8 9S9 759 40999999999999999999999 135 311553 2299999999999999
 34 35 35 36 37 38 40 41 42 42 41 38 35 32 28 25 23 22 22 23 26 28 31 3323 810S9 831 429999999999999999999991718 22999999999999999999999
 35 37 38 39 40 41 41 42 43 44 43 42 40 36 33 29 26 24 22 22 24 26 29 3223 811S9 911 449999999999999999999991830 22999999999999999999999
 35 37 39 40 41 42 43 43 44 44 45 45 43 41 37 34 30 27 24 23 23 24 27 3123 812S910 7 459999999999999999999991925 22999999999999999999999
 34 37 39 41 42 42 43 43 44 44 45 46 45 44 41 38 34 30 26 24 22 23 25 2823 813S91112 469999999999999999999992010 22999999999999999999999
 32 36 38 40 41 41 41 42 42 43 44 45 46 46 44 41 37 33 28 25 22 22 23 2623 814S91213 469999999999999999999992050 22999999999999999999999
 30 33 36 38 40 40 40 40 40 41 42 44 45 46 46 43 40 35 30 26 23 21 21 2323 815S913 6 469999999999999999999992127 21999999999999999999999
 27 31 34 37 38 38 38 37 37 38 39 41 43 45 46 44 42 38 32 27 23 21 20 2123 816S9 449 381351 4699999999999999 727 3722 1 2099999999999999
 24 28 31 34 36 36 36 35 34 35 35 37 39 42 44 44 42 39 34 29 24 21 19 1923 817S9 457 361434 4499999999999999 814 342233 1999999999999999
 21 25 29 32 34 35 34 33 32 32 32 33 35 38 41 42 42 40 36 31 26 22 20 1923 818S9 511 351514 4299999999999999 9 1 3223 2 1999999999999999
 20 23 27 30 33 34 34 32 31 29 29 30 31 34 37 39 40 39 37 33 28 24 21 2023 819S9 526 341555 4099999999999999 953 292328 2099999999999999
 20 22 26 29 32 33 33 32 30 29 27 27 28 30 33 36 37 38 37 34 30 27 24 2223 820S9 539 331638 38999999999999991050 272350 2299999999999999
 22 23 26 29 32 34 34 33 31 29 27 26 26 27 29 32 34 36 36 35 32 30 27 2623 821S9 548 341731 36999999999999991146 26999999999999999999999
 25 26 28 31 34 35 36 35 33 31 28 26 25 25 26 28 31 33 34 35 34 32 30 2923 822S9 555 361843 3599999999999999 0 3 251241 252355 299999999
 29 29 31 33 36 37 38 38 36 34 30 28 26 25 25 26 28 31 32 34 34 34 33 3323 823S9 6 5 382017 34999999999999991336 252328 3399999999999999
 33 33 34 36 38 40 41 41 40 37 34 31 28 26 25 25 26 28 30 32 34 35 35 3623 824S9 624 419999999999999999999991438 25999999999999999999999
 36 37 38 39 40 42 43 44 43 41 39 35 32 29 26 25 24 25 27 29 31 34 36 3723 825S9 654 449999999999999999999991552 24999999999999999999999
 38 39 40 41 42 44 45 46 46 45 43 40 36 33 29 26 24 23 24 25 28 31 34 3723 826S9 741 469999999999999999999991715 23999999999999999999999
 39 40 41 42 43 44 45 46 47 47 47 45 42 38 34 30 26 23 22 22 23 26 30 3423 827S9 854 479999999999999999999991829 22999999999999999999999
 37 40 41 42 43 43 44 45 46 47 48 48 47 43 39 34 30 25 21 19 19 21 25 2923 828S91027 489999999999999999999991933 19999999999999999999999
 34 37 40 41 41 41 42 42 43 45 47 49 49 48 45 40 35 29 23 19 17 17 20 2423 829S91150 499999999999999999999992029 17999999999999999999999
 29 34 37 39 39 39 38 38 39 40 43 46 48 50 48 45 40 34 27 21 17 15 16 1923 830S9 4 1 3913 0 5099999999999999 644 382119 1599999999999999
 24 30 34 36 37 37 35 34 34 34 36 40 44 47 49 48 44 39 32 26 20 16 15 1623 831S9 4 7 3714 3 4999999999999999 749 3422 4 1599999999999999
 20 26 31 34 36 35 34 31 29 29 30 32 36 42 46 47 46 43 37 31 24 20 17 1623 9 1S9 421 3615 5 4799999999999999 854 292245 1699999999999999
 18 23 29 33 35 35 34 31 27 25 25 25 28 33 39 43 44 43 40 35 29 24 21 1923 9 2S9 440 3516 7 449999999999999910 2 252322 1999999999999999
 19 23 28 32 35 36 35 32 28 24 22 21 22 25 31 36 39 41 40 38 33 29 26 2423 9 3S9 5 2 361714 419999999999999911 6 212354 2399999999999999
 23 24 28 32 36 37 37 35 31 26 23 20 19 20 24 29 33 36 38 37 36 33 30 2923 9 4S9 525 371826 389999999999999912 6 19999999999999999999999
 28 28 30 34 37 39 39 38 35 31 26 23 20 19 20 23 27 30 33 35 35 35 33 3323 9 5S9 549 391947 3599999999999999 020 2813 4 1999999999999999
 32 33 34 36 38 40 41 40 39 35 31 27 24 21 20 21 23 26 29 31 33 34 35 3523 9 6S9 613 41999999999999999999999 023 3214 6 2099999999999999
 36 36 37 38 40 41 42 42 41 39 36 32 29 26 23 22 22 24 26 28 31 33 35 3623 9 7S9 636 429999999999999999999991519 22999999999999999999999
 38 39 40 41 42 43 43 43 43 42 40 37 34 31 28 25 24 24 24 26 28 31 34 3623 9 8S9 7 2 439999999999999999999991649 24999999999999999999999
 38 40 41 42 43 43 43 44 44 43 42 41 38 35 32 29 27 25 24 25 26 29 32 3523 9 9S9 752 449999999999999999999991810 24999999999999999999999
 37 39 41 42 42 43 43 43 43 43 43 43 41 39 36 33 30 27 25 24 25 27 30 3323 910S9 936 4499999999999999999999919 7 24999999999999999999999
 36 38 40 41 41 41 41 41 42 42 43 43 43 42 39 36 33 29 26 24 24 25 27 3023 911S911 7 449999999999999999999991951 24999999999999999999999
 34 36 38 39 39 39 39 39 39 40 41 43 43 43 41 39 35 31 27 24 23 23 25 2823 912S9 349 391212 4399999999999999 638 392027 2399999999999999
 31 34 36 37 37 37 36 36 36 36 38 40 42 43 42 40 37 33 28 25 22 21 22 2523 913S9 337 3713 4 4399999999999999 714 3621 0 2199999999999999
 29 32 34 36 36 35 33 32 32 33 34 36 39 41 42 41 38 34 30 25 22 21 21 2323 914S9 337 361350 4299999999999999 753 322130 2199999999999999
 26 30 33 34 34 33 32 30 29 29 30 32 35 38 40 40 39 36 32 27 23 21 20 2223 915S9 345 341434 4099999999999999 835 292157 2099999999999999
 24 28 31 33 34 33 31 29 27 26 26 28 31 34 37 39 39 37 33 29 25 23 22 2223 916S9 354 341519 3999999999999999 918 262222 2199999999999999
 24 28 31 33 34 33 31 28 26 24 23 24 26 30 34 37 38 37 35 32 28 25 24 2423 917S9 4 2 3416 7 389999999999999910 2 232244 2499999999999999
 25 28 31 34 35 35 33 30 26 23 22 22 23 26 30 34 36 37 36 34 31 28 27 2623 918S9 410 3517 1 37999999999999991044 222259 2699999999999999
 27 29 32 35 37 36 35 32 28 25 22 21 21 23 26 31 34 35 36 35 34 32 30 3023 919S9 419 3718 1 36999999999999991127 212257 3099999999999999
 30 32 34 37 39 39 38 35 31 27 24 22 21 21 24 27 31 33 35 36 36 34 34 3323 920S9 434 391910 36999999999999991212 212238 3399999999999999
 34 35 37 39 41 41 41 39 35 31 27 24 22 21 22 24 28 31 33 35 36 36 36 3623 921S9 454 4199999999999999999999913 4 21999999999999999999999
 37 38 39 41 42 43 43 42 39 36 31 28 25 23 22 23 25 27 30 32 35 36 37 3823 922S9 520 4399999999999999999999914 6 22999999999999999999999
 39 40 41 42 43 44 45 44 43 40 36 32 29 26 24 23 23 24 26 29 31 34 36 3823 923S9 555 459999999999999999999991525 22999999999999999999999
 39 40 42 42 43 44 45 45 45 43 41 38 34 30 27 24 22 22 23 24 27 30 34 3623 924S9 655 459999999999999999999991659 22999999999999999999999
 38 40 41 41 42 42 43 44 44 45 44 42 39 35 31 28 24 22 20 21 23 26 30 3323 925S9 848 459999999999999999999991819 20999999999999999999999
 36 38 39 40 40 40 40 41 42 43 44 45 43 40 37 32 27 23 20 19 19 21 25 2923 926S91037 459999999999999999999991921 18999999999999999999999
 33 36 37 37 37 36 35 36 37 39 41 44 45 44 41 37 32 27 22 19 17 18 21 2623 927S9 248 3712 1 4599999999999999 610 352011 1799999999999999
 30 33 35 35 34 33 31 30 31 32 35 39 43 44 44 41 37 31 26 21 18 17 19 2323 928S9 243 351311 4599999999999999 711 302055 1799999999999999
 28 32 34 35 34 31 28 26 25 26 28 32 37 42 43 43 40 36 30 25 21 19 19 2123 929S9 251 351416 4499999999999999 8 9 252135 1999999999999999
 26 30 34 35 34 32 28 24 21 20 21 24 30 35 40 42 41 39 34 30 25 23 21 2223 930S9 3 7 351521 4299999999999999 9 5 202210 2199999999999999
 25 30 34 36 36 34 30 25 20 18 17 18 22 28 34 38 40 40 37 33 30 27 25 252310 1S9 327 361627 409999999999999910 0 172241 2599999999999999
 27 30 35 37 38 36 33 28 22 18 16 15 16 21 27 32 36 38 38 36 33 31 30 292310 2S9 350 381732 38999999999999991054 1523 6 2999999999999999
 30 32 35 38 40 39 37 32 27 22 18 15 15 17 21 26 31 34 36 36 35 34 33 332310 3S9 414 401841 36999999999999991145 152312 3399999999999999
 33 34 37 39 41 41 40 37 32 27 22 19 16 16 18 22 26 30 33 35 35 35 35 362310 4S9 437 419999999999999999999991237 16999999999999999999999
 36 37 38 40 42 42 42 40 36 32 27 24 21 19 19 20 23 26 29 32 34 35 36 372310 5S9 458 429999999999999999999991332 18999999999999999999999
 38 39 40 41 42 42 42 41 39 36 32 29 25 23 21 21 22 24 26 29 32 34 36 372310 6S9 513 429999999999999999999991438 21999999999999999999999
 39 40 40 41 42 42 42 41 40 39 36 33 30 27 25 23 23 23 25 27 29 32 34 362310 7S9 516 4299999999999999999999916 3 23999999999999999999999
 38 39 40 41 41 41 41 41 40 39 38 36 34 31 29 26 25 24 24 25 27 29 32 342310 8S9 439 419999999999999999999991728 24999999999999999999999
 36 38 39 39 39 39 39 39 39 39 39 38 36 34 32 29 26 24 23 23 25 27 30 322310 9S9 323 399999999999999999999991828 23999999999999999999999
 35 36 37 37 37 36 36 36 36 37 38 38 37 36 34 31 28 25 23 23 23 25 27 30231010S9 242 371055 3899999999999999 646 361912 2399999999999999
 33 34 35 35 34 33 33 32 33 34 35 37 37 37 35 33 30 27 24 22 22 23 25 28231011S9 225 3512 8 3799999999999999 7 3 321947 2299999999999999
 31 33 34 34 32 31 30 29 29 30 32 34 36 37 36 34 32 28 25 23 22 22 24 27231012S9 218 3413 5 3799999999999999 730 292017 2299999999999999
 30 32 33 33 31 29 27 26 25 26 27 30 33 35 36 35 33 30 27 24 22 22 23 26231013S9 218 331357 3699999999999999 8 3 252043 2299999999999999
 29 32 33 33 31 29 26 23 22 22 23 26 30 33 35 36 35 32 29 26 24 23 24 26231014S9 222 331448 3699999999999999 838 2221 8 2399999999999999
 29 32 34 34 32 30 26 22 20 19 19 22 26 30 34 35 35 34 32 29 26 25 25 27231015S9 229 341539 3699999999999999 914 192130 2599999999999999
 30 33 35 35 34 31 27 23 20 18 17 18 22 27 31 34 36 36 34 31 29 28 28 29231016S9 240 351631 3699999999999999 950 172147 2899999999999999
 31 34 37 37 37 34 30 25 21 18 16 16 18 23 28 32 35 36 36 34 32 31 31 31231017S9 256 371723 36999999999999991028 162154 3199999999999999
 33 35 38 40 39 37 34 29 24 19 17 16 16 19 24 29 32 35 36 36 35 34 33 34231018S9 317 401820 369999999999999911 9 162149 3399999999999999
 35 37 39 41 42 40 37 33 28 23 19 17 16 17 21 25 29 33 35 36 36 36 35 36231019S9 343 421927 36999999999999991154 162139 3599999999999999
 37 38 40 42 43 42 40 37 32 27 23 19 17 17 18 21 25 29 32 34 36 36 36 37231020S9 412 439999999999999999999991248 17999999999999999999999
 38 39 40 42 43 43 43 40 37 32 28 23 20 19 18 19 21 24 28 31 33 35 36 37231021S9 447 439999999999999999999991352 18999999999999999999999
 38 39 40 41 42 43 43 42 40 37 33 28 25 22 20 19 19 21 23 26 29 32 34 36231022S9 534 439999999999999999999991512 19999999999999999999999
 37 38 38 39 39 40 41 41 41 39 37 33 30 26 23 20 19 19 20 22 25 28 31 33231023S9 659 419999999999999999999991641 19999999999999999999999
 35 36 36 36 36 36 37 38 39 39 39 37 34 31 27 24 21 19 18 19 21 25 28 31231024S9 9 3 399999999999999999999991755 18999999999999999999999
 33 34 34 33 32 32 32 33 34 36 38 38 37 35 32 28 24 21 19 18 19 22 26 29231025S9 128 341050 3899999999999999 530 321852 1899999999999999
 32 33 32 31 29 28 27 27 28 31 34 37 38 38 36 32 28 24 21 19 19 21 24 28231026S9 118 331216 3899999999999999 631 271939 1999999999999999
 31 33 32 31 28 25 23 21 22 24 27 32 35 37 37 36 32 29 25 22 21 21 24 28231027S9 123 331330 3899999999999999 723 212018 2199999999999999
 31 33 34 32 29 25 21 18 17 17 20 25 30 35 37 37 36 33 29 26 24 24 25 28231028S9 138 341440 3799999999999999 814 172053 2499999999999999
 32 35 36 35 32 27 22 17 14 13 14 18 24 29 34 36 37 35 33 30 28 27 27 29231029S9 158 361546 3799999999999999 9 3 132123 2799999999999999
 32 36 38 37 35 31 25 19 15 12 11 13 17 23 29 33 36 36 35 33 31 30 30 31231030S9 223 381648 3699999999999999 951 112146 3099999999999999
 33 37 39 40 38 35 30 24 18 14 11 11 13 18 24 29 33 35 36 35 34 33 33 33231031S9 250 401749 36999999999999991038 112150 3399999999999999
 35 37 40 41 41 38 34 29 23 18 14 12 12 15 20 25 29 33 35 35 35 35 35 352311 1S9 318 419999999999999999999991124 12999999999999999999999
 36 38 40 41 42 40 38 33 28 23 18 15 14 14 17 21 25 29 32 34 35 35 36 362311 2S9 346 429999999999999999999991211 14999999999999999999999
 37 38 39 41 41 41 39 36 32 27 23 19 17 16 17 19 22 26 29 32 33 34 35 362311 3S9 411 4199999999999999999999913 1 16999999999999999999999
 37 38 39 40 40 40 39 38 35 31 27 24 21 19 18 19 21 23 26 29 31 33 34 352311 4S9 432 409999999999999999999991357 18999999999999999999999
 36 37 37 38 38 38 38 37 36 33 30 27 24 22 20 20 20 21 23 26 28 30 32 332311 5S9 447 3899999999999999999999915 3 20999999999999999999999
 35 35 36 36 36 36 36 35 35 34 32 29 27 25 23 21 20 21 22 24 26 28 30 322311 6S9 4 9 369999999999999999999991617 20999999999999999999999
 33 33 34 33 33 33 33 33 33 33 32 31 29 27 25 23 21 21 21 22 24 26 28 302311 7S9 149 349999999999999999999991719 21999999999999999999999
 31 32 32 31 30 30 29 29 30 30 31 31 30 29 27 25 23 22 21 21 23 25 27 292311 8S9 114 321028 3199999999999999 627 2918 6 2199999999999999
 30 31 30 29 28 27 26 25 26 27 29 30 30 30 29 27 25 23 22 22 23 24 27 292311 9S9 058 3112 4 3099999999999999 652 251843 2299999999999999
 30 31 30 28 26 24 23 22 22 23 25 28 29 30 30 29 27 25 24 23 23 25 27 29231110S9 051 311315 3099999999999999 720 221912 2399999999999999
 31 31 31 29 26 23 20 19 18 19 22 25 28 30 31 31 29 27 26 25 25 26 28 30231111S9 052 311416 3199999999999999 751 181939 2599999999999999
 32 33 32 30 27 23 20 17 16 16 18 21 26 29 31 32 31 30 28 27 27 27 29 31231112S9 1 0 331510 3299999999999999 824 1520 2 2799999999999999
 34 35 35 33 29 25 20 17 14 13 14 18 22 27 30 32 33 33 31 30 29 29 30 32231113S9 116 3516 0 3399999999999999 858 132023 2999999999999999
 35 37 37 36 33 28 23 18 14 12 12 14 18 24 28 32 34 34 33 32 31 31 32 33231114S9 139 371648 3499999999999999 935 122039 3199999999999999
 36 38 40 39 36 32 27 21 16 12 11 11 14 20 25 30 33 35 35 34 33 33 33 34231115S9 2 7 401738 35999999999999991015 112050 3399999999999999
 36 39 41 41 40 36 31 25 19 14 11 10 12 15 21 26 30 33 35 35 34 34 34 35231116S9 241 411834 35999999999999991059 102058 3499999999999999
 36 38 41 42 42 40 36 30 24 18 14 11 11 12 16 21 26 30 32 34 34 34 34 35231117S9 318 429999999999999999999991149 11999999999999999999999
 36 37 39 41 42 41 39 34 29 23 18 14 12 11 13 16 21 25 28 31 32 33 33 34231118S9 4 0 429999999999999999999991245 11999999999999999999999
 35 36 37 39 40 41 40 37 33 28 23 18 15 13 12 14 16 20 24 27 29 31 32 32231119S9 450 419999999999999999999991348 12999999999999999999999
 33 34 34 35 37 38 38 38 35 32 28 23 19 16 14 13 14 17 20 23 26 28 30 31231120S9 554 389999999999999999999991456 13999999999999999999999
 31 31 31 31 32 33 34 35 35 34 31 28 24 21 18 16 15 15 17 20 23 26 28 29231121S9 722 352348 299999999999999916 7 15999999999999999999999
 29 29 28 28 27 28 29 30 31 32 32 30 28 25 22 19 17 16 17 19 22 25 27 29231122S9 915 322345 2999999999999999 4 9 271710 1699999999999999
 29 28 27 25 24 23 23 24 26 28 30 31 30 29 26 24 21 19 19 19 21 24 27 29231123S911 6 312356 3099999999999999 530 2218 4 1999999999999999
 30 29 27 24 21 19 18 18 19 22 26 28 30 30 29 28 25 23 22 22 23 25 28 30231124S91242 30999999999999999999999 631 181848 2299999999999999
 32 31 29 26 22 18 15 13 14 16 20 24 28 30 31 30 29 27 26 25 25 26 29 32231125S9 013 3214 6 3199999999999999 724 131924 2599999999999999
 34 34 32 29 24 19 15 12 10 11 14 19 24 28 31 32 31 30 29 28 28 28 30 33231126S9 036 341518 3299999999999999 812 101953 2899999999999999
 35 36 36 33 28 23 17 12  9  8 10 14 19 24 28 31 33 32 31 31 30 30 31 34231127S9 1 5 361620 3399999999999999 858  82013 3099999999999999
 36 38 38 36 33 28 21 16 11  8  8 10 14 20 25 29 32 33 33 32 32 32 33 34231128S9 137 381716 3399999999999999 942  82021 3299999999999999
 36 38 39 39 36 32 26 20 14 10  8  8 11 16 21 26 30 32 33 33 33 33 33 34231129S9 212 399999999999999999999991026  8999999999999999999999
 36 38 39 40 39 36 31 25 19 14 10  9 10 13 18 23 27 30 32 32 32 33 33 34231130S9 247 4099999999999999999999911 9  9999999999999999999999
 35 36 38 39 39 37 34 29 23 18 14 11 10 11 15 19 23 27 30 31 31 32 32 332312 1S9 323 399999999999999999999991153 10999999999999999999999
 33 35 36 37 38 37 35 31 26 21 17 14 12 11 13 16 20 23 26 28 29 30 31 312312 2S9 358 389999999999999999999991237 11999999999999999999999
 32 33 34 35 36 36 34 32 28 24 20 16 14 13 13 14 17 20 23 26 27 28 29 292312 3S9 432 369999999999999999999991322 13999999999999999999999
 30 30 31 32 32 33 32 31 29 26 22 19 16 14 14 14 16 18 21 23 25 26 27 282312 4S9 5 7 3399999999999999999999914 8 14999999999999999999999
 28 28 28 28 29 29 29 29 28 26 24 21 19 17 15 15 16 17 19 21 23 25 26 262312 5S9 548 292345 26999999999999991453 15999999999999999999999
 26 26 26 26 25 25 26 26 26 25 24 22 21 19 18 17 17 17 19 21 23 24 25 262312 6S92317 269999999999999999999991537 17999999999999999999999
 26 25 24 23 22 22 22 22 23 23 23 23 22 21 20 19 19 19 20 21 23 25 26 262312 7S9 945 2323 9 2699999999999999 538 221616 1999999999999999
 26 25 24 22 20 19 18 18 19 21 22 23 23 23 22 22 21 21 21 22 24 26 27 282312 8S91210 232312 2899999999999999 620 181652 2199999999999999
 28 26 24 22 19 17 16 15 16 18 20 22 23 24 25 24 24 23 23 24 25 27 29 302312 9S91349 252324 3099999999999999 655 151725 2399999999999999
 30 29 26 23 20 16 14 12 13 14 17 20 23 25 26 27 26 26 26 26 27 29 31 32231210S91457 272347 3399999999999999 729 121759 2699999999999999
 33 32 29 26 22 17 14 11 10 11 14 18 22 25 27 29 29 29 28 28 29 30 32 34231211S91546 29999999999999999999999 8 4 101833 2899999999999999
 35 35 33 30 25 20 15 11  8  8 10 14 19 23 27 29 30 31 30 30 30 31 32 35231212S9 019 351629 3199999999999999 842  819 6 3099999999999999
 37 38 37 34 29 24 18 12  8  6  7  9 14 20 25 28 31 31 31 31 31 31 32 34231213S9 057 381711 3199999999999999 924  61938 3199999999999999
 37 39 39 37 34 28 22 15 10  6  5  6  9 15 20 25 29 31 31 31 31 31 32 33231214S9 141 391756 319999999999999910 9  520 7 3199999999999999
 35 38 40 40 37 33 27 20 14  8  5  4  5  9 15 20 25 28 30 30 30 30 30 31231215S9 228 409999999999999999999991058  4999999999999999999999
 33 35 38 40 39 36 32 26 19 12  7  4  3  5  9 15 20 24 27 28 28 28 28 29231216S9 318 409999999999999999999991150  3999999999999999999999
 30 32 34 37 38 37 35 30 24 17 11  7  4  4  6 10 15 19 23 25 26 26 26 26231217S9 411 389999999999999999999991243  4999999999999999999999
 27 28 29 32 34 35 34 32 28 22 16 11  8  6  5  7 11 15 19 22 24 25 24 24231218S9 5 7 3521 2 25999999999999991336  5999999999999999999999
 24 24 24 26 28 30 31 31 29 25 21 16 12 10  8  8 10 13 17 20 22 24 24 23231219S9 612 312130 2499999999999999 015 241428  899999999999999
 22 21 21 21 22 24 26 27 27 26 23 20 17 14 12 11 11 13 16 19 22 23 24 23231220S9 736 272154 2499999999999999 221 201517 1199999999999999
 22 20 18 17 17 17 19 21 23 24 24 22 21 19 17 16 15 15 17 20 22 24 25 25231221S9 928 242217 2599999999999999 354 1716 4 1599999999999999
 23 21 18 16 14 13 13 15 17 19 21 22 22 22 21 20 19 19 20 21 23 26 27 27231222S91136 232242 2799999999999999 516 131646 1999999999999999
 26 24 20 17 14 11  9 10 11 14 17 20 22 23 24 23 23 23 23 24 25 27 29 30231223S91357 242312 3099999999999999 625  91719 2399999999999999
 29 27 24 20 16 12  9  7  7  9 13 17 21 23 25 26 26 26 26 26 27 28 30 32231224S92347 32999999999999999999999 721  7999999999999999999999
 32 31 28 24 19 14 10  7  5  6  9 13 18 22 25 27 27 28 28 28 28 29 31 33231225S99999999999999999999999999999 810  5999999999999999999999
 34 34 32 29 24 18 13  9  6  5  6 10 14 19 23 26 28 29 29 29 29 30 31 32231226S9 027 34999999999999999999999 855  5999999999999999999999
 34 35 35 32 28 23 17 12  7  5  5  7 11 16 21 24 27 28 29 28 29 29 30 31231227S9 111 35999999999999999999999 938  4999999999999999999999
 33 35 36 34 32 27 21 15 10  6  4  5  8 12 17 22 25 27 28 28 27 28 28 29231228S9 155 369999999999999999999991019  4999999999999999999999
 31 33 35 35 33 30 25 19 13  8  5  4  5  9 13 18 22 25 26 26 26 26 26 27231229S9 238 359999999999999999999991059  4999999999999999999999
 28 30 32 33 33 31 27 22 16 11  7  5  4  6 10 14 19 22 23 24 24 24 24 24231230S9 319 349999999999999999999991138  4999999999999999999999
 25 27 29 31 31 30 28 24 18 13  9  6  4  5  7 11 15 18 21 22 22 22 21 22231231S9 357 319999999999999999999991216  4999999999999999999999
