 92 87 81 77 77 81 90101114124130129122110 94 77 61 50 46 49 57 68 80 8923 1 1SD1025130999999999999999999999 337 7718 5 4699999999999999
 94 97 96 94 91 91 95103113123131134132123108 89 68 49 37 32 36 46 61 7623 1 2SD 118 9711 613499999999999999 429 9119 3 3299999999999999
 90100106107104102101103109117126133136133122105 82 58 38 25 21 27 41 6023 1 3SD 244107115913699999999999999 5491011952 2199999999999999
 79 96109115115112107105106111119129136138133120 99 73 47 26 14 13 23 4123 1 4SD 332116125313899999999999999 7111052035 1299999999999999
 64 87106118122120114108105106112121131139140133116 91 62 35 15  6  9 2323 1 5SD 4 8122134114199999999999999 8171052115  599999999999999
 46 72 96114124125120112106102105112124135142141130109 80 50 23  6  1  923 1 6SD 439126142514399999999999999 9 61022152  199999999999999
 29 55 83106121127124116107100 99104114128139145140124 99 68 38 14  0  123 1 7SD 5 912715 414599999999999999 946 992228 -199999999999999
 15 39 67 94114124125119110100 95 96104118132143144135115 87 55 27  7  023 1 8SD 5371261541145999999999999991020 9423 2  099999999999999
  6 25 52 80103119125121112101 93 90 95107122136143140126103 74 44 20  523 1 9SD 6 41251616143999999999999991053 902334  399999999999999
  4 17 39 66 92112122122115104 93 87 87 95109124136139132115 90 61 36 1723 110SD 6311231651139999999999999991126 86999999999999999999999
  9 15 32 56 82104118123118108 96 86 82 86 96110124132131121102 77 53 3223 111SD 657123172713399999999999999 0 5  912 1 8299999999999999
 20 19 30 50 74 97114122121113100 88 80 79 84 96109119124120108 90 69 4923 112SD 72212318 612499999999999999 034 181241 7899999999999999
 35 29 34 48 68 90109121124118106 93 81 75 75 82 92103111114109 98 82 6623 113SD 748124185211499999999999999 1 3 291327 7499999999999999
 52 44 44 52 67 86104118125123113100 86 75 69 70 75 84 94101103100 92 8123 114SD 814125195410399999999999999 132 431425 6999999999999999
 70 61 58 61 70 84101115125126120108 94 79 68 62 61 66 73 82 90 94 94 9123 115SD 8421272132 9499999999999999 2 4 581537 6199999999999999
 85 80 75 75 79 87 99112123128126117104 88 73 60 52 49 52 59 69 79 87 9323 116SD 914128999999999999999999999 241 741657 4999999999999999
 95 95 93 91 91 94101110120127130126117102 84 66 50 39 34 36 44 57 71 8523 117SD 024 95 95513099999999999999 336 911812 3499999999999999
 96104107107106104105110117125131133129118102 81 59 39 24 17 19 30 46 6623 118SD 230108105013399999999999999 5 71041916 1799999999999999
 85102114119119116112112114120128134137133122103 78 51 27  9  1  4 18 3923 119SD 328120115913799999999999999 6471112013  199999999999999
 64 89110123128126120115112114121130139144140127104 75 43 15 -4-12 -7 1123 120SD 41012813 814499999999999999 8 711221 5-1299999999999999
 37 67 95117129132127119111108111120133145151147131104 70 35  5-14-20-1123 121SD 44813214 915199999999999999 9 41082153-2099999999999999
 11 41 74103123132131123112103100105118135149156150132102 65 29 -1-18-2123 122SD 52213315 515699999999999999 9511002238-2299999999999999
 -7 19 52 84111127131125113100 91 90100116136151157149128 96 59 24 -2-1523 123SD 5521311557157999999999999991034 892318-1699999999999999
-12  6 35 67 97119129127116101 86 78 81 94113134149152142120 88 54 23  323 124SD 6201301647153999999999999991116 782355 -499999999999999
 -4  5 27 56 86111125128120105 87 73 67 73 88109128141142131109 80 51 2723 125SD 64412917361439999999999999912 0 67999999999999999999999
 14 15 29 52 79104122130125112 93 74 62 59 66 82101119128128116 97 74 5223 126SD 7 7130182713099999999999999 027 131246 5899999999999999
 37 32 38 55 77101120130130120103 83 65 54 53 61 75 92106113112102 88 7223 127SD 728132192011499999999999999 055 321337 5299999999999999
 58 51 53 63 80100118130134128114 95 76 59 50 49 56 67 81 92 98 98 92 8323 128SD 7511342025 9999999999999999 119 511437 4899999999999999
 75 69 68 74 85100116128134133123108 90 72 57 48 45 50 59 70 79 86 88 8723 129SD 8181352210 8899999999999999 138 681549 4599999999999999
 85 83 82 85 92102113124131133129119105 88 71 56 45 41 43 49 59 69 78 8423 130SD 849133999999999999999999999 144 821712 4199999999999999
 89 92 94 96 99104111118125129129125116104 88 71 54 42 35 35 41 51 63 7623 131SD 9341309999999999999999999991831 34999999999999999999999
 87 95101105106107109113117122125126124117105 89 69 50 35 27 26 33 46 6223 2 1SD10501269999999999999999999991935 26999999999999999999999
 79 94105111113112110109109113117122126125119106 88 65 43 27 18 19 29 4623 2 2SD 359113122512699999999999999 7 51092025 1799999999999999
 66 86103114118116112107103103108115123129129122106 83 57 34 17 10 14 2923 2 3SD 411118133413099999999999999 82810321 6 1099999999999999
 51 75 97112120120115106 99 96 98105116127134133122102 75 47 23  8  5 1523 2 4SD 430121142413599999999999999 911 962143  499999999999999
 35 61 86107119122118108 97 90 88 94106120133139134118 93 63 35 13  2  523 2 5SD 45012315 613999999999999999 944 882216  199999999999999
 21 46 74 99116123120110 98 86 81 83 94110126138140131110 81 51 24  6  223 2 6SD 5101231543141999999999999991014 802246  299999999999999
 13 35 63 90111123123114100 85 75 73 81 96115131140137123 98 68 39 17  623 2 7SD 5301241619140999999999999991044 732315  699999999999999
 10 27 53 81106121125118104 87 73 66 69 81 99119133137130111 85 57 32 1623 2 8SD 5501251654137999999999999991114 662341 1399999999999999
 14 25 47 74100119127123110 91 74 62 59 67 83102120130130119 99 73 49 3123 2 9SD 6 91271731132999999999999991146 59999999999999999999999
 23 29 45 69 95116127127116 98 78 62 54 56 67 84103118124121107 88 66 4823 210SD 629129181012499999999999999 0 6 231219 5399999999999999
 38 38 49 68 91112127130122106 85 66 53 48 54 67 84100112115110 97 81 6523 211SD 648130185411599999999999999 030 361257 4899999999999999
 54 51 57 71 90109125132128114 95 74 57 46 45 52 64 80 93102105100 91 8023 212SD 7 9132194910599999999999999 053 511340 4499999999999999
 71 67 68 77 91108122131131122106 86 66 51 43 42 48 59 71 83 91 95 94 9023 213SD 7311322113 9599999999999999 114 661436 4199999999999999
 85 82 82 87 96107119129132128116 99 80 63 48 40 37 41 49 59 71 80 87 9123 214SD 757132999999999999999999999 129 821554 3799999999999999
 94 95 96 98103109117125130130124113 98 81 63 48 36 30 30 35 45 57 71 8323 215SD 8331309999999999999999999991732 29999999999999999999999
 93102107110111113116120124127128124115102 85 66 47 31 20 16 20 31 47 6523 216SD 93612899999999999999999999919 0 16999999999999999999999
 83 99111118119117115115116120124128127122111 93 70 45 24  9  3  7 20 4123 217SD 350119113012899999999999999 65211520 7  399999999999999
 65 89108120125122116110107108113122130135132120 99 71 42 16 -2 -8 -1 1723 218SD 4 512513 913599999999999999 81810621 0 -899999999999999
 43 72 98117126126118107 98 94 97107122136143141127102 70 36  9 -9-12 -123 219SD 426127141914499999999999999 9 6 942144-1399999999999999
 22 53 84109125128121107 92 81 79 86103123141150146129100 65 31  5 -9 -723 220SD 448128151515099999999999999 946 792223-1099999999999999
 10 38 70 99120129125110 91 74 64 65 78100124143151145125 94 60 28  7 -123 221SD 5 912916 5151999999999999991024 632258 -199999999999999
  8 30 60 91116129129116 96 73 55 48 54 73 98123141147138116 86 55 29 1523 222SD 52913116531479999999999999911 3 482328 1499999999999999
 16 31 56 85112129133124104 79 55 40 37 48 70 96120135137126104 78 53 3623 223SD 5481331739138999999999999991142 362354 3199999999999999
 31 39 58 83109128136131115 90 64 42 30 32 46 69 93113124123111 93 73 5623 224SD 6 71371825125999999999999991222 30999999999999999999999
 48 51 64 85107127138137125103 77 53 35 28 32 47 68 88104111109 99 85 7223 225SD 627139191411199999999999999 016 4813 5 2799999999999999
 64 64 72 88106124136139132115 92 68 47 34 30 36 49 66 82 93 98 96 90 8323 226SD 6481402010 9899999999999999 033 631353 3099999999999999
 77 76 81 91105120132137134123105 85 65 48 37 35 39 49 62 74 83 87 88 8723 227SD 7101372142 8899999999999999 044 761451 3599999999999999
 85 86 89 95105115125131131125114 99 82 66 52 43 39 41 47 56 66 74 81 8523 228SD 735132999999999999999999999 025 851611 3999999999999999
 89 92 96100105111117122124122117108 97 84 71 57 47 40 38 41 49 59 69 7923 3 1SD 8 61249999999999999999999991749 38999999999999999999999
 88 96101105107109110112114115114112108100 89 76 60 46 36 32 34 42 55 6923 3 2SD 92011599999999999999999999919 9 32999999999999999999999
 83 96105109110108106104103105107111113112106 94 78 59 41 29 24 28 39 5623 3 3SD 344110121411399999999999999 75010320 5 2499999999999999
 74 91105112114110104 98 94 94 97105112118118111 96 75 53 33 20 17 25 4123 3 4SD 344114133311999999999999999 834 932046 1799999999999999
 62 84102114117113104 94 86 83 86 94107118125124113 93 68 43 23 13 15 2823 3 5SD 356117142312699999999999999 9 3 832121 1299999999999999
 50 75 97113120117107 93 81 73 73 81 96113126132127111 86 58 33 16 11 1923 3 6SD 41012015 413299999999999999 930 722152 1199999999999999
 39 65 91111121121110 95 78 65 61 67 81101120133135125104 76 48 25 14 1623 3 7SD 426122154113699999999999999 957 612220 1399999999999999
 32 56 84107122125116 98 79 61 51 52 65 85108126136133118 93 65 40 23 1923 3 8SD 4421251617137999999999999991025 502247 1999999999999999
 29 51 78104122128122105 82 61 45 41 48 67 90114130135127108 83 57 37 2823 3 9SD 4591281654135999999999999991053 402312 2899999999999999
 32 49 74100121131128113 89 65 44 33 35 48 71 96117129130118 98 75 54 4123 310SD 5171311732131999999999999991123 322336 3999999999999999
 40 51 72 97119132133121 99 72 48 31 26 33 52 75 99117124121108 90 71 5723 311SD 5341341812125999999999999991154 262358 5299999999999999
 52 58 74 95116131136128109 83 57 35 24 24 36 55 78 98112116111 99 85 7323 312SD 5531361856116999999999999991228 22999999999999999999999
 66 68 78 95113129136133118 96 70 46 29 22 26 38 57 76 93103106102 94 8623 313SD 613137195210699999999999999 019 6613 8 2299999999999999
 80 80 86 97112125134135126108 85 61 41 28 24 28 39 54 70 83 92 95 95 9323 314SD 6351362125 9699999999999999 035 791359 2499999999999999
 91 91 94101111121130133129118100 80 60 44 32 27 29 36 47 59 71 80 88 9323 315SD 7 0133999999999999999999999 033 911514 2799999999999999
 97100103106111117123127127123113 99 83 66 51 38 30 27 29 36 46 59 72 8523 316SD 73412899999999999999999999917 5 27999999999999999999999
 96104109112113114115117119120118112104 91 76 59 43 29 21 19 24 36 52 7023 317SD 8491209999999999999999999991846 19999999999999999999999
 88103113116115112108105105108113117117113103 87 66 45 26 14 10 16 32 5323 318SD 314117114211899999999999999 7261051952 1099999999999999
 76 97112120119112102 93 89 90 98109119126125115 95 70 44 22  8  6 16 3623 319SD 323120132412699999999999999 816 892041  599999999999999
 61 87109121123114100 85 74 70 76 90108125135134122 99 70 41 19  8 10 2523 320SD 339123142813699999999999999 854 702121  799999999999999
 49 78103121126120103 82 64 52 52 64 85110130141139124 98 67 39 20 14 2223 321SD 356126152114299999999999999 930 512156 1499999999999999
 42 70 98120130126110 86 61 42 33 39 58 84112133143138120 93 64 40 27 2823 322SD 41513016 91439999999999999910 6 332227 2699999999999999
 42 66 94118133133120 96 67 40 23 20 32 56 86114133139131112 87 62 45 4023 323SD 4331351654139999999999999991042 192254 4099999999999999
 48 67 92117134139130108 79 48 23 11 14 31 58 88114129131120102 81 64 5523 324SD 4521391739132999999999999991119 102318 5499999999999999
 57 71 92115133142138120 93 62 34 14  7 16 36 63 90111121120109 94 79 6923 325SD 5121421823122999999999999991156  72339 6799999999999999
 67 76 92112130141142130107 79 50 26 12 11 23 43 67 89105111108 99 89 8023 326SD 53214319 8111999999999999991234 102357 7799999999999999
 77 81 93109125137141134118 94 68 44 26 17 20 32 50 70 86 97101 98 93 8723 327SD 55414120 2101999999999999991315 17999999999999999999999
 85 87 94105118129135133123106 84 63 44 32 27 30 40 54 69 81 89 93 92 9123 328SD 6171352126 9399999999999999 0 9 8514 5 272357 909999999
 90 92 96103112120126127122111 96 80 64 50 40 36 37 44 54 65 75 83 88 9123 329SD 6401279999999999999999999991514 36999999999999999999999
 94 96 99103107112116117116111103 92 81 69 58 48 42 40 43 50 60 70 80 8823 330SD 7 41179999999999999999999991651 40999999999999999999999
 95100103104105105106106106105103100 94 87 77 65 53 44 39 39 45 56 68 8123 331SD 7261069999999999999999999991823 38999999999999999999999
 93101106107105101 98 95 94 96 98101102101 94 83 68 53 41 34 35 43 56 7223 4 1SD 246107115910299999999999999 751 941925 3399999999999999
 88101109111108100 92 85 82 83 88 97104109108101 86 67 49 35 29 33 45 6223 4 2SD 250111132311099999999999999 815 8220 9 2999999999999999
 82 99111115112102 89 78 70 69 75 86100112118115104 85 63 43 30 28 36 5323 4 3SD 3 1115141411899999999999999 840 692044 2799999999999999
 75 96112119117106 90 73 60 55 59 71 89107121125119103 80 57 38 29 32 4623 4 4SD 315120145612599999999999999 9 5 552116 2999999999999999
 68 92111123123112 93 72 54 43 42 53 73 96116129130119 99 74 52 37 34 4323 4 5SD 330124153513199999999999999 931 412145 3399999999999999
 63 87110125128119100 75 51 34 28 35 53 78104124133130115 93 69 50 42 4523 4 6SD 346129161413499999999999999 959 282213 4199999999999999
 61 83107126133127109 82 54 31 18 19 33 57 86112129134126109 87 67 54 5223 4 7SD 4 41331653134999999999999991028 172240 5199999999999999
 62 81105125136135119 93 63 35 15  8 16 36 64 93116129130120102 83 69 6223 4 8SD 4231371734131999999999999991058  823 6 6299999999999999
 67 81102123137140129106 76 45 19  5  5 19 42 70 97116125122112 97 83 7523 4 9SD 4431401817125999999999999991131  32330 7399999999999999
 75 84101119135142136118 91 60 32 11  3  8 24 48 74 96111117114105 95 8623 410SD 5 514219 71179999999999999912 7  32352 8499999999999999
 84 89100116131140140128106 78 50 26 11  7 14 30 51 73 91102107105101 9623 411SD 5291412012107999999999999991249  7999999999999999999999
 93 95102113125135138133118 96 71 47 28 17 15 21 34 51 68 82 93 9810010023 412SD 556138999999999999999999999 010 931343 1499999999999999
100100104110118126131131123109 91 70 51 36 26 23 26 34 46 60 74 85 9410023 413SD 6271329999999999999999999991459 23999999999999999999999
103106107109112116119121120115105 92 77 61 47 36 29 28 32 41 54 68 82 9423 414SD 7141219999999999999999999991644 27999999999999999999999
104109110109107105105106108110109106 98 88 74 58 43 32 27 29 38 52 69 8623 415SD 156110 92011099999999999999 5411051816 2799999999999999
101111114112105 97 91 88 89 95102108111109100 85 67 48 34 27 29 39 56 7723 416SD 2 411412 511199999999999999 710 881919 2799999999999999
 96111118117108 94 80 70 67 72 83 98111119119110 93 72 51 36 30 34 48 6823 417SD 220119133212099999999999999 754 6720 7 3099999999999999
 91110122123114 97 76 59 48 48 58 76 97116127128117 98 74 54 40 37 45 6323 418SD 238124143312999999999999999 832 462046 3699999999999999
 86108124130123105 80 55 36 27 32 49 74100122133132119 98 75 57 47 49 6223 419SD 257130152413499999999999999 9 8 272121 4699999999999999
 83106125135132116 90 60 33 16 12 23 47 76105126135131117 96 76 62 58 6523 420SD 317136161113599999999999999 944 112151 5799999999999999
 82104125139140128104 73 40 15  2  4 22 50 81109128133127112 93 77 69 7123 421SD 3381411656133999999999999991020  12220 6899999999999999
 83102122139145138118 89 55 24  3 -4  5 27 57 88112126128119105 91 80 7823 422SD 4 01451739128999999999999991056 -42246 7799999999999999
 85100118135145144130105 73 41 14 -1 -1 13 37 66 92112121120111100 90 8523 423SD 4241461822122999999999999991132 -32311 8499999999999999
 87 98113129141145137117 90 60 32 12  3  8 24 48 73 95109114112104 96 9023 424SD 44914519 71149999999999999912 9  32335 8999999999999999
 90 96108121134140137125104 78 52 30 16 12 20 36 56 77 94104107105100 9523 425SD 5151401958107999999999999991248 122359 9399999999999999
 93 96103113124131133126112 93 71 50 34 24 24 31 45 62 78 91 99101100 9823 426SD 54213321 9101999999999999991334 23999999999999999999999
 97 97100107114121124122114102 85 68 53 41 34 34 40 51 64 77 88 95 9910023 427SD 610124999999999999999999999 021 961432 3399999999999999
100100100103106110113113110104 95 83 71 59 50 43 41 45 53 64 76 86 9510023 428SD 6421139999999999999999999991550 41999999999999999999999
103104103101100100101101102101 98 93 86 77 67 57 49 45 46 53 64 77 89 9923 429SD 053104 75410299999999999999 4471001714 4599999999999999
105108107103 98 93 89 88 89 92 95 97 97 93 85 74 62 52 46 47 55 67 82 9623 430SD 1131081122 9799999999999999 7 0 881822 4699999999999999
106112112107 98 88 80 75 74 78 86 94101104101 92 78 64 52 47 49 59 74 9123 5 1SD 13111313 010499999999999999 734 741913 4799999999999999
106115118113101 87 73 62 58 62 72 85 99109113109 97 81 65 53 49 55 68 8623 5 2SD 149118135811399999999999999 8 3 581954 4999999999999999
104118123120108 89 70 53 44 44 53 70 89107119121114 99 81 65 56 55 65 8223 5 3SD 2 7124144612299999999999999 831 422031 5499999999999999
102119128128116 96 72 49 33 27 33 49 73 97117128128117100 81 67 61 65 7923 5 4SD 227129152912999999999999999 859 2721 5 6199999999999999
 99118132135126106 79 51 27 14 14 27 51 79106125134130117 99 82 71 70 7923 5 5SD 247135161113499999999999999 930 122138 6999999999999999
 96116133141136119 91 59 30  9  1  8 28 56 87113130135129115 98 85 78 8223 5 6SD 31014116551359999999999999910 3  122 9 7899999999999999
 94113131143144132107 74 41 13 -3 -5  8 32 63 93117130132124111 98 89 8723 5 7SD 3341451740133999999999999991038 -62240 8799999999999999
 95110127142148142123 93 59 27  3 -8 -4 12 39 68 96116126126119108 99 9423 5 8SD 4 11481830127999999999999991116 -823 9 9499999999999999
 97107122137147147135112 81 48 20  1 -5  2 20 45 72 9511111911911410610123 5 9SD 4311491928120999999999999991158 -52340 9999999999999999
100105116129141146142126102 72 44 20  5  2 11 27 49 72 9210511211311010623 510SD 5 41462040113999999999999991246  2999999999999999999999
103104110120130138139132117 94 69 45 26 15 13 20 34 52 71 8810010811010923 511SD 542140221111099999999999999 0151031342 1399999999999999
107105106110117124129129122109 91 72 53 37 27 24 29 40 54 71 87 9910711023 512SD 631130232711199999999999999 1121051451 2499999999999999
110108104103104107112115117113105 93 79 63 49 39 35 37 45 58 74 8910211023 513SD 748117999999999999999999999 3 81031612 3599999999999999
114112107100 94 91 91 95100105107105 99 88 75 62 50 44 44 52 64 81 9610923 514SD 01011410 010799999999999999 522 911727 4399999999999999
117118112102 89 79 72 72 77 87 97105109107 99 86 72 60 53 53 61 75 9210823 515SD 040118121210999999999999999 635 711829 5299999999999999
119124121109 92 74 59 52 52 62 76 93107115116108 95 80 68 61 63 72 8810523 516SD 1 6124133511699999999999999 724 511919 6199999999999999
121130130120101 78 55 39 32 36 51 71 93111122123115101 86 75 70 74 8610323 517SD 131131143712499999999999999 8 6 3220 2 7099999999999999
120133138131114 89 60 35 20 16 26 46 72 98118128128119105 91 81 80 8710123 518SD 157138152912999999999999999 846 162041 7999999999999999
118134143141128104 73 42 18  5  7 22 48 77104123132129119105 93 87 89 9923 519SD 223144161613299999999999999 923  42117 8799999999999999
114131144148140119 90 57 27  6 -2  5 26 54 85111127132128117104 95 92 9823 520SD 25114816591329999999999999910 0 -22152 9299999999999999
110126140149147133108 76 43 16  0 -2 10 34 64 93115127129123113103 96 9723 521SD 3211501741130999999999999991037 -32225 9699999999999999
105119134145149141122 95 63 33 10  0  4 20 46 74 99117125124117108100 9823 522SD 3511491822126999999999999991114  02257 9899999999999999
101112125138146144132110 82 53 28 11  6 14 33 57 82103116121118111104 9923 523SD 42214619 4121999999999999991152  62330 9899999999999999
 99105116128138141136121 99 72 47 27 16 15 26 45 67 8810511411611310710123 524SD 4551411948116999999999999991231 14999999999999999999999
 99101108118128134133125110 89 66 46 31 24 27 38 55 74 9210511211310910523 525SD 528134203811399999999999999 0 6 991313 2499999999999999
101 99102108116122125123114100 82 64 49 38 34 38 48 64 80 9510611111110823 526SD 6 5125213211299999999999999 051 9914 0 3499999999999999
104100 99101105110114115112105 94 80 66 54 46 44 47 57 71 85 9910811211223 527SD 652115222711399999999999999 158 991455 4499999999999999
109104 99 96 96 97100103105103 99 92 82 72 62 55 53 56 65 77 9110411211623 528SD 810105231411699999999999999 350 951557 5399999999999999
114110103 95 89 86 85 88 92 96 98 98 95 89 80 71 64 61 63 72 85 9911111823 529SD1028 99235112099999999999999 538 8517 2 6199999999999999
120117109 98 86 77 71 71 75 83 91 98103102 97 89 79 71 68 71 81 9410811923 530SD1227103999999999999999999999 636 7018 1 6899999999999999
125124116103 87 72 60 54 56 64 77 91103111112107 97 86 78 75 80 9010511923 531SD 022125134111299999999999999 716 541853 7599999999999999
128131126112 93 72 53 41 37 43 57 76 96112121122115104 92 85 83 8910211723 6 1SD 051131143712399999999999999 751 371941 8399999999999999
130137136124104 78 53 33 22 22 34 55 79103121130130121109 97 91 9210011423 6 2SD 121138152713199999999999999 827 212024 9099999999999999
129141144137118 92 61 34 14  7 12 30 56 85110128136134124112101 9710011123 6 3SD 151144161513799999999999999 9 5  721 5 9799999999999999
126141149148135110 78 45 17  0 -3  7 30 60 9011613313813412411310510310923 6 4SD 22315017 313899999999999999 944 -4214510299999999999999
121137150155149129100 65 32  6 -8 -7  8 34 65 9511913313713212211210710723 6 5SD 2591551753137999999999999991027 -9222310699999999999999
116130145156157146122 90 55 23  0-10 -5 13 40 70 9811913013212711911110723 6 6SD 3361581844133999999999999991111-1023 210799999999999999
111121135149157154140115 83 49 21  2 -5  2 21 47 7510011712712812211510823 6 7SD 4181571937128999999999999991158 -5234610799999999999999
107112122136147153148132107 78 48 24  8  5 14 32 55 8010211612312311811123 6 8SD 5 31532027124999999999999991246  5999999999999999999999
105104109119131140144138123101 76 51 31 20 19 28 44 65 8710511712212011423 6 9SD 554144211412299999999999999 0391041336 1899999999999999
106100 99103111121129132127115 98 78 58 43 34 35 43 58 76 9511012012211923 610SD 656132215412299999999999999 146 991429 3399999999999999
111102 94 91 92 98106114118117110 98 83 69 57 50 51 59 72 8910511812412423 611SD 817119223212599999999999999 311 901524 5099999999999999
119108 96 85 79 77 82 90 99106109107101 91 80 71 66 67 74 8610111512613023 612SD10 710923 713099999999999999 442 771621 6699999999999999
127118104 88 73 64 61 65 74 86 97105109107101 93 85 80 81 8810011312613423 613SD1210109234413599999999999999 556 611720 8099999999999999
135129117 98 78 59 48 44 49 62 78 94106114115111103 96 92 9310011112413423 614SD1343115999999999999999999999 653 441818 9199999999999999
141139130113 89 65 45 32 30 38 54 75 9511112112311911110410010210912013223 615SD 022141145012399999999999999 742 29191410099999999999999
142146142128106 79 52 30 19 20 32 53 7710011812812912411610910510811512723 616SD 1 1146154113099999999999999 826 1820 710599999999999999
139148149141123 96 66 39 19 11 16 32 57 8410812513313312611711010811112023 617SD 141150162513499999999999999 9 7 11205510899999999999999
133145151150137115 85 54 28 11  7 17 37 65 9311613013513212411510910811423 618SD 22015217 413599999999999999 947  7213810899999999999999
125138149153147131105 74 44 20  7  8 23 47 7510212213213412812011110610823 619SD 2581531740134999999999999991025  6221710699999999999999
116129142151152142122 94 63 35 16  8 14 32 58 8610912513213012311410610423 620SD 33615318151329999999999999911 3  8225310499999999999999
108118132144150147134111 83 54 30 16 13 24 45 70 9611512712912511610810223 621SD 4131511848130999999999999991140 13232910199999999999999
102109121134143146140124100 73 48 29 20 23 37 58 8210412012712611911110323 622SD 4501461921127999999999999991216 19999999999999999999999
 99101110121132139139130112 90 67 46 32 28 35 51 72 9411212312612311510623 623SD 528140195412699999999999999 0 8 991252 2899999999999999
 99 97100109119128132129119102 83 63 48 39 40 49 66 8510411912612612011023 624SD 6 8132202712799999999999999 052 971327 3899999999999999
102 96 94 98105113120122119109 95 80 65 54 50 53 64 80 9811412412812511723 625SD 65612221 012899999999999999 146 9414 5 5099999999999999
107 98 91 89 92 98105110113110103 93 82 71 65 63 68 78 9310912212912912423 626SD 8 2113213413099999999999999 255 891446 6399999999999999
114103 92 85 81 82 87 94100105105102 96 89 82 77 76 81 9210511812813313123 627SD 941106221013399999999999999 415 811536 7699999999999999
123111 97 84 74 69 70 75 83 92100105107104100 94 90 89 9410311512613413623 628SD1152107224813699999999999999 527 691636 8999999999999999
132121106 89 73 61 54 55 62 74 8710011011511511210610110010411312413414023 629SD1334116233014199999999999999 624 54174310099999999999999
140133119100 78 59 44 38 40 51 67 8610311712512612211611110911312113114123 630SD1442126999999999999999999999 713 38184810999999999999999
146144134115 92 66 43 28 22 27 42 63 8710912513413513012311711511912713823 7 1SD 016146153713699999999999999 8 1 22194911599999999999999
148152148134111 83 53 28 12  9 17 37 63 9011513214114013412511911812313323 7 2SD 1 4152162514199999999999999 848  8204411899999999999999
145155159152134107 74 41 16  1  0 12 35 65 9512013714314113312411811812523 7 3SD 153159171114499999999999999 936 -1213311799999999999999
137151161164154132101 66 33  8 -5 -4 12 39 7010112513914313812912011411623 7 4SD 2421641755143999999999999991023 -6221811499999999999999
125140155165165153129 96 60 27  4 -5  0 19 47 7810712813914013312211210823 7 5SD 33216718341409999999999999911 9 -523 310899999999999999
112124140156165163149123 90 56 27  7  2 10 31 59 8911413113813512511310423 7 6SD 4221661910138999999999999991153  2235010199999999999999
101107120137152159156141116 86 55 31 16 15 27 48 7510112213413512911710423 7 7SD 5141601941136999999999999991235 14999999999999999999999
 94 93100113129143149145131109 83 58 40 31 34 48 69 9311513013613312310823 7 8SD 6 914920 913699999999999999 041 921314 3199999999999999
 95 86 85 91104118130136133121103 84 66 53 50 56 71 9011012713713813011723 7 9SD 7 9136203613899999999999999 138 841351 5099999999999999
101 87 78 76 81 92105116122120113101 88 77 70 71 78 9210912513714113812823 710SD 82012221 514199999999999999 244 761426 6999999999999999
113 96 80 70 66 70 79 91102109111109103 96 90 87 90 9811012313514314413823 711SD 957111213814499999999999999 359 6615 2 8799999999999999
126110 91 74 62 57 58 66 78 9010010711010910710410310511212213214114614523 712SD1221110222014699999999999999 515 56154910399999999999999
138125107 87 68 54 47 47 55 68 83 9710811511811711511411612112813614414723 713SD1419118231414799999999999999 624 4617 011499999999999999
146138124105 82 61 45 37 38 48 63 82 9911312312712612312112012413013714423 714SD1518127999999999999999999999 722 36183212099999999999999
148147139123101 76 53 36 29 32 44 63 8510612213113413112612212012312913723 715SD 017149155613499999999999999 813 28195412099999999999999
146150149139120 95 68 44 28 22 29 45 68 9311413013713713112411911712012823 716SD 117151162813899999999999999 857 22205311799999999999999
139148153150137115 87 58 35 21 19 30 51 7710212313613913612811911311211823 717SD 2 9153165713999999999999999 938 18213711299999999999999
129142152156149132107 77 49 27 17 20 36 60 8811313113913813112111110710923 718SD 2541561724140999999999999991016 16221310699999999999999
118132146155156145124 96 66 40 22 17 26 47 7310012213613913412311210310123 719SD 3341571750139999999999999991051 17224710199999999999999
107120135149156152138114 85 56 34 22 23 38 61 89113131138136127114103 9623 720SD 4121561815138999999999999991123 212320 9699999999999999
 98107122138149152145127102 74 50 33 27 35 54 79104125137138131118105 9523 721SD 4491521839139999999999999991154 272355 9199999999999999
 91 96108124138146145134115 91 67 47 37 39 52 73 97119134140135124109 9623 722SD 52614719 2140999999999999991223 36999999999999999999999
 88 88 95108122134139135123104 83 64 51 48 55 71 9211413114013913011610123 723SD 6 6139192614199999999999999 033 871250 4899999999999999
 89 83 85 94106118127130125113 97 81 68 61 63 74 9011012813914213612410823 724SD 651130194914399999999999999 115 831317 6199999999999999
 93 82 78 81 90101112119121116107 96 85 77 76 81 9210812413714414113211723 725SD 747121201414499999999999999 2 4 781345 7599999999999999
101 86 77 73 75 83 93103110113111106100 94 91 92 9810912213514314513912723 726SD 9 7113204314599999999999999 3 4 731416 9199999999999999
111 95 80 70 65 67 73 82 9310210811111110910710610811312213214114614413723 727SD1130111211914699999999999999 417 65145610699999999999999
124108 90 74 62 55 55 60 70 83 9610611411912112011912012413013714414714523 728SD14 912122 914799999999999999 533 54161111999999999999999
137124107 87 67 52 42 41 46 59 75 9210812112913213112912812913313914615023 729SD1512132231915099999999999999 644 4018 312899999999999999
148141127107 83 60 40 29 26 33 49 70 9211312913814113813313012913314014823 730SD1552141999999999999999999999 745 26193612999999999999999
154155147131108 80 52 29 16 13 23 43 69 9612013714514513913112612513013923 731SD 036155162714699999999999999 841 13204112599999999999999
151160162154135107 75 44 19  5  5 19 43 7310312714314814413412411811812523 8 1SD 14416217 014899999999999999 930  4213011799999999999999
139155166168159137105 70 37 13  1  5 23 51 8311313514614613712411210610923 8 2SD 2431691729147999999999999991016  1221410699999999999999
120138157170171159135101 65 33 12  4 13 35 65 97124141147141127111 98 9323 8 3SD 3381721756147999999999999991057  42256 9399999999999999
100116137157169169155129 96 62 34 18 17 30 55 85114135146144132114 96 8423 8 4SD 4301701820146999999999999991135 152339 8199999999999999
 82 92110133152163160145120 90 62 41 31 36 54 79107130145147138121100 8223 8 5SD 52116318421489999999999999912 9 31999999999999999999999
 72 73 85104126143151148133112 87 66 53 51 61 81104127144150145131110 8923 8 6SD 61215219 315099999999999999 025 711238 5099999999999999
 72 64 67 79 98117131137134122105 88 75 70 74 8710612614315215214112310123 8 7SD 7 7137192615399999999999999 113 6413 3 7099999999999999
 81 66 60 63 74 90106118123121113103 94 88 89 9711012614115215514913511623 8 8SD 811123195015599999999999999 2 8 591324 8899999999999999
 96 77 64 58 60 69 81 9410511111210910610310310711512613814815315214413023 8 9SD 944112202015499999999999999 313 58133610299999999999999
113 95 77 64 57 57 62 72 84 9510310811111311411612012613414214815014814023 810SD21 0150999999999999999999999 432 56999999999999999999999
128113 96 79 64 55 52 56 65 76 8910111111812212512612813113513914314514423 811SD22 9145999999999999999999999 555 52999999999999999999999
139129115 98 79 62 50 46 49 58 73 8910411712613113213012912813013313814223 812SD1540132235514399999999999999 7 6 46183712899999999999999
143141132118 98 76 57 44 39 43 56 73 9311212613513713412912412212312813523 813SD1551137999999999999999999999 8 2 39201112299999999999999
142146145135118 95 70 49 36 33 40 57 7910212213514013813112211611311612523 814SD 11614716 914099999999999999 847 32205711399999999999999
136146151148136114 87 61 40 29 30 43 64 9011413214114113412311210610511323 815SD 211151162914299999999999999 925 28213110599999999999999
125140152156149132106 77 51 32 25 32 51 77104126140143137125111101 9610023 816SD 255156164914399999999999999 959 2522 2 9699999999999999
113129146156157146124 95 66 42 28 28 42 66 93119137144140129113 99 89 8923 817SD 33315817 9144999999999999991030 262231 8899999999999999
 99115135150158154137112 83 57 38 31 38 58 85112133144144134117 99 86 8123 818SD 4101581728146999999999999991058 3123 2 8199999999999999
 86100119139152155146126100 74 52 40 41 55 79105129144147139123103 86 7523 819SD 4461551747148999999999999991124 392333 7499999999999999
 75 85103123140149148135114 90 68 53 49 58 77101125142150145130110 90 7423 820SD 52215018 6150999999999999991149 49999999999999999999999
 68 73 86105124138143138124104 84 69 61 65 78 99122140150149138118 97 7823 821SD 6 1143182515199999999999999 0 5 681212 6199999999999999
 66 65 73 88106122133135128115 99 85 76 76 84100119138150152144127106 8523 822SD 643135184415399999999999999 040 641233 7599999999999999
 69 62 63 73 87103117125125119110 99 91 89 93104119135147153149136117 9623 823SD 73512619 615399999999999999 120 611253 8999999999999999
 77 65 59 62 71 84 9710811511711410910510310411112113314415115114312811023 824SD 849117193115299999999999999 2 9 5913 710399999999999999
 91 74 63 57 59 65 76 87 9810611111311411511611912513214114715014713912523 825SD20 3150999999999999999999999 318 57999999999999999999999
108 91 75 62 54 52 56 64 75 87 9910911712312612913113313714214614714513823 826SD2056147999999999999999999999 451 52999999999999999999999
126112 95 77 61 49 42 43 50 63 78 9511112413313713713613513513814114414523 827SD1534137224614599999999999999 625 42181113599999999999999
142133119100 79 57 40 31 30 38 54 75 9711813314114313913312812713013614423 828SD1541143999999999999999999999 736 29195212799999999999999
150150144128105 78 52 31 20 19 31 52 7810512714114614213312311611512013223 829SD 03715116 114699999999999999 831 18204211499999999999999
146156160153135108 76 46 24 13 16 32 58 88116137147146135121107 9910111223 830SD 152160162214899999999999999 917 122122 9999999999999999
129149163168159137106 72 42 21 14 22 44 73104130146149139122103 88 82 8823 831SD 251168164214999999999999999 958 1422 1 8299999999999999
105128151167170159135102 69 41 25 24 38 64 95123144151145128105 83 69 6623 9 1SD 34417117 2151999999999999991034 222240 6699999999999999
 78100127151166167153128 97 67 46 37 43 62 89118141153151136113 87 65 5323 9 2SD 43316817221549999999999999911 5 372319 5399999999999999
 56 72 97125147159157143119 93 70 56 55 68 90116139154157146125 97 71 5123 9 3SD 5221601741158999999999999991133 54999999999999999999999
 44 51 70 95121140148144130111 91 77 72 78 94116138154161155137112 84 6023 9 4SD 61014818 116199999999999999 0 0 441157 7299999999999999
 45 42 51 70 93115130135131120106 94 88 90101117136152161160147126101 7623 9 5SD 7 1135182216299999999999999 043 411216 8799999999999999
 56 45 45 55 71 90107118122119112105101101108119134148157159153138117 9523 9 6SD 8 1122184616099999999999999 131 43122810099999999999999
 74 58 50 50 58 71 85 9810711111211010911011412113114115015415214312911223 9 7SD 938112191115499999999999999 228 49121310999999999999999
 94 78 64 57 55 60 68 79 90 9910511011411712012412913514114414514213512523 9 8SD1944145999999999999999999999 344 55999999999999999999999
112 98 84 71 61 57 58 63 73 84 9510511412012512712913013213313513513413123 9 9SD2057135999999999999999999999 521 57999999999999999999999
125116104 90 75 62 54 53 58 68 82 9611012112813113012812512312312412813123 910SD1513131235613299999999999999 644 53193412299999999999999
132130122109 92 73 58 48 47 53 67 8410311913013513412812111411111211712523 911SD1516135999999999999999999999 742 46201811199999999999999
133138136127111 89 68 50 41 42 53 71 9311412913713713112010910110010411523 912SD 120138153013899999999999999 825 402047 9999999999999999
128139145141128107 82 59 43 37 43 59 82106126138141134122107 94 88 9110123 913SD 211145154514199999999999999 9 0 372115 8899999999999999
117134146150143125100 73 51 38 38 50 72 98122138144139125107 91 79 77 8623 914SD 25215016 114499999999999999 931 362142 7799999999999999
102123141152152140117 90 64 46 39 46 65 90116137146144131111 90 74 66 7023 915SD 32915416181479999999999999910 0 3922 9 6699999999999999
 85107130147154149132107 81 59 47 48 62 85111134148149137117 93 72 59 5723 916SD 4 51551634150999999999999991026 452237 5799999999999999
 68 89114136150152142122 98 75 59 54 63 82108131148153144125100 75 56 4923 917SD 4411531651153999999999999991051 5423 6 4999999999999999
 54 71 95119139148146133113 91 74 65 69 83105128147155151134109 82 59 4523 918SD 51814917 9155999999999999991114 652336 4399999999999999
 44 55 76100123138143137123105 89 79 78 87105126144155155142119 92 67 4823 919SD 5571431728157999999999999991136 77999999999999999999999
 40 45 60 81103122133135128115102 92 89 94107124141154157148130105 79 5723 920SD 640135174715799999999999999 0 8 401155 8999999999999999
 43 40 48 64 83102117125125120112104101103111124138150156152139118 94 7123 921SD 73212618 815699999999999999 045 40121110099999999999999
 53 44 44 51 65 81 96108115116115112111112117125135145152152144130110 8923 922SD 857116183315399999999999999 132 43121111199999999999999
 70 56 48 47 52 62 74 86 9710511111511712012312813314014514714513712410823 923SD19 3147999999999999999999999 239 47999999999999999999999
 92 76 62 52 48 48 54 63 75 8810011011912512913113313413613813913713312523 924SD20 3139999999999999999999999 423 47999999999999999999999
114100 85 69 55 45 41 44 52 66 8310011512713413513312912612512612913213423 925SD1450135225613499999999999999 6 9 4119 112599999999999999
132124112 94 74 55 41 33 35 46 63 8510612413613913512711811110911312113123 926SD1456139999999999999999999999 719 33195210999999999999999
139142137123101 76 53 36 28 32 46 69 94118135142139128113 99 91 9110011523 927SD 053142151114299999999999999 811 282029 9099999999999999
133146152147130105 76 51 34 29 37 57 83110132144144132113 92 76 69 74 9023 928SD 2 2152152914699999999999999 853 2921 6 6999999999999999
113136153159152132104 75 51 37 37 51 75104129146150140119 93 69 53 50 6223 929SD 258159154715099999999999999 929 362142 5099999999999999
 85113140157162151129102 74 55 47 54 73 99126146155149129101 71 47 35 3723 930SD 34716216 51559999999999999910 2 472219 3499999999999999
 55 83115141157158145124 98 77 64 64 76 98124146158157141114 82 52 30 232310 1SD 4351591624159999999999999991030 622256 2399999999999999
 32 55 85116139151149136117 97 82 77 84100123144159163152129 98 66 38 222310 2SD 5221521645163999999999999991056 772334 1999999999999999
 21 34 59 88115134142138126111 97 90 92104121141157164159142115 84 55 322310 3SD 6 814217 7164999999999999991118 90999999999999999999999
 22 26 42 65 91112126131127118108101100107120136151160160149129102 75 512310 4SD 657131173016299999999999999 014 22113710099999999999999
 35 29 36 51 71 91108117120118113108107110119131143152155150137117 94 722310 5SD 755120175415699999999999999 057 29115010799999999999999
 54 43 40 46 58 73 89101109112113112112114119126135142146145138125109 912310 6SD 934113181814699999999999999 147 40113411299999999999999
 75 62 53 50 54 62 73 85 951031091121151171201231271311341351321261171062310 7SD1843135999999999999999999999 255 50999999999999999999999
 94 82 71 62 57 57 62 70 81 921021101161211231231231221221221221211191152310 8SD1447123999999999999999999999 430 56999999999999999999999
109101 90 78 67 59 56 59 67 79 921051161231261251211161121091091111141172310 9SD1413126235011899999999999999 6 0 56193610999999999999999
118116108 96 81 67 56 52 56 67 82 98113125130129123114104 98 95 98104113231010SD1421130999999999999999999999 7 2 5220 0 9599999999999999
121125123114 98 80 63 52 50 57 71 90109124133134127114100 88 82 82 90103231011SD 113125143413599999999999999 746 502025 8199999999999999
117128133129116 97 76 59 50 51 63 82103123135139132118 99 82 70 67 74 88231012SD 2 3133144913999999999999999 822 492050 6799999999999999
107125137140131114 92 71 56 51 58 75 98120136143138123102 80 62 54 57 70231013SD 24514015 514399999999999999 854 512116 5399999999999999
 91114134144143130109 87 67 57 58 72 93116136147145131108 82 59 44 41 52231014SD 324145152214799999999999999 923 562143 4199999999999999
 72 98123141148142125104 83 68 64 72 90113135149151139117 88 61 40 30 35231015SD 4 1148153915299999999999999 951 642210 3099999999999999
 53 79107131145147137119 99 82 73 75 89110132149155148127 99 68 41 25 23231016SD 4391481558155999999999999991017 722239 2299999999999999
 35 58 87114135144142130113 96 85 83 91108129147157154138111 80 50 28 18231017SD 5171451618157999999999999991042 822311 1899999999999999
 23 40 66 94118134140135123108 97 92 96108126143156158147124 95 64 37 21231018SD 55914016401589999999999999911 5 922345 1799999999999999
 18 27 47 72 97117129131126117107101102110123139152157152136110 81 53 32231019SD 64613217 3157999999999999991127101999999999999999999999
 22 23 34 54 76 96112121123119114110109113122134145153152143124 99 73 51231020SD 747123172915499999999999999 025 21114410899999999999999
 35 28 30 41 56 74 91104112116116115115117121129138144147143132115 94 73231021SD 939116175814799999999999999 114 27114611599999999999999
 55 42 36 37 44 56 70 84 96106113117119121122125129133136137133124111 96231022SD1837137999999999999999999999 221 36999999999999999999999
 80 65 52 44 42 44 52 64 78 92104114121125125123122121122123124124120113231023SD1334125201912499999999999999 359 4217 512199999999999999
103 91 76 62 51 44 43 49 61 77 94109121128129124117110105104107112118121231024SD1338129232312199999999999999 537 43184810499999999999999
120115103 87 70 55 45 43 49 63 82102119130133128117103 91 84 84 91102115231025SD1353133999999999999999999999 645 431931 8399999999999999
126130126114 96 76 58 48 47 56 73 95115131138135122102 82 67 60 64 78 97231026SD 1 4130141113899999999999999 736 4620 8 6099999999999999
117133140136122101 79 62 53 55 68 89112132143143130108 82 58 43 39 49 70231027SD 2 9140142914499999999999999 818 532045 3999999999999999
 96121139146141125103 82 67 63 70 87109131146151141120 90 60 35 22 24 41231028SD 3 3146145015199999999999999 854 632122 2199999999999999
 68 99126144149141124103 85 75 76 88107129148156152134105 70 39 16  8 17231029SD 352149151115799999999999999 927 742158  899999999999999
 40 71103129145147137121103 90 85 91106126146159160147121 87 52 23  5  4231030SD 439147153516199999999999999 957 852235  299999999999999
 18 45 77108130142141131116103 95 96106123142156162156136106 72 39 14  3231031SD 52414316 0162999999999999991024 942313  399999999999999
  8 26 54 84110128135132123112103101106119135150160159146122 92 60 32 142311 1SD 61013516261619999999999999910501012351  999999999999999
  9 18 37 63 89111124127124117109105107115127141152155149133109 81 54 322311 2SD 6571271654155999999999999991116105999999999999999999999
 20 20 30 49 71 93109118120117112109108112120131141147146136119 98 74 532311 3SD 750120172214799999999999999 032 19114210899999999999999
 38 31 32 43 58 76 93106113115113111110111115122129135136133123108 91 732311 4SD 9 2115175213699999999999999 118 30121211099999999999999
 58 47 42 44 52 64 79 92103110113113113112113115118122124123120112102 902311 5SD1056113182412499999999999999 213 42131311299999999999999
 77 65 56 51 52 58 67 80 921031101151161161141121101101101101101091061002311 6SD1213116193411099999999999999 326 5117 611099999999999999
 93 84 74 64 58 57 61 69 81 95106115119120117112106100 97 96 971001031052311 7SD1243120231110599999999999999 447 571853 9699999999999999
104 99 91 81 70 62 59 63 72 86101113122125123115105 94 85 81 81 86 941022311 8SD13 5125999999999999999999999 556 591925 8099999999999999
109111107 98 86 73 64 62 67 79 94110123130129121108 92 77 67 65 69 80 942311 9SD 053111132513099999999999999 649 611952 6499999999999999
107117119114103 88 74 66 66 74 89107123133135128113 93 73 57 49 51 62 79231110SD 152119134413699999999999999 732 652019 4999999999999999
 99116126127120105 89 76 70 73 85103121135141136121 99 74 51 37 34 42 60231111SD 23812814 414199999999999999 810 702047 3399999999999999
 84107125134133122105 89 78 76 84 99118136146145131108 79 52 30 20 23 39231112SD 320135142514799999999999999 844 762116 2099999999999999
 64 92117134140134121104 90 83 85 97115134148151142121 91 59 31 13  9 19231113SD 4 0140144815199999999999999 916 832147  999999999999999
 42 71101125139141133118103 93 90 97112130147155151134106 72 39 15  2  5231114SD 441141151215599999999999999 947 902220  199999999999999
 21 48 79108129139138128115103 97 99109126143155157146122 90 55 25  5 -1231115SD 5241391539158999999999999991017 972256 -199999999999999
  7 27 56 85111128135132123113105103108121137151158153136109 76 43 17  3231116SD 61013516 81589999999999999910461022335  099999999999999
  1 13 35 62 89110124128125119111107109117130143153155145125 97 66 38 17231117SD 7 31281640155999999999999991116107999999999999999999999
  7  9 22 43 66 89107118122120116112110114122133143149146135114 89 62 39231118SD 8 8122171514999999999999999 020  6115011099999999999999
 23 16 19 31 49 69 88103113118118115113112115121129136139135124107 86 64231119SD 930118175913999999999999999 110 16124011299999999999999
 46 33 27 29 39 53 71 88102112117118116113111111114119123125123115103 88231120SD104811819 312599999999999999 211 27142111199999999999999
 72 57 45 39 40 46 59 74 90104114119120116110105101100102106111112110104231121SD113712021 011299999999999999 325 39164510099999999999999
 95 82 69 58 51 49 54 65 80 96110120124122114103 92 84 81 82 89 97105109231122SD12 9124233011099999999999999 443 491810 8099999999999999
109104 94 82 70 61 59 64 75 90107120128129122108 91 74 63 58 62 73 87102231123SD1236130999999999999999999999 551 5919 2 5899999999999999
112117115106 93 80 71 69 75 87104120132137132118 97 74 53 40 37 45 62 83231124SD 11111713 313799999999999999 647 691945 3799999999999999
103118126124115101 88 80 80 87101118133143142131110 82 54 32 20 21 34 57231125SD 219126133014499999999999999 734 792026 1899999999999999
 83107125133130120106 94 88 90100115132145150144125 98 65 35 13  5 11 30231126SD 314133135815099999999999999 816 8821 5  599999999999999
 58 88114131137133122109 99 95100112128144154153140115 83 48 19  0 -3  9231127SD 4 3137142815599999999999999 855 952143 -499999999999999
 33 64 95119134137131120108101101109122139152157151132103 68 34  8 -5 -3231128SD 44813715 015799999999999999 9321002221 -699999999999999
 14 41 73102123134134127116107103106116131145155156144120 89 55 25  3 -4231129SD 53113515321579999999999999910 71032259 -499999999999999
  4 24 52 82107124131128121111105104109121136148154149133108 77 46 20  5231130SD 61213116 61549999999999999910411032338  299999999999999
  3 15 37 64 90111123126122114107103104112124137146147139121 95 67 41 212312 1SD 6521261640148999999999999991116103999999999999999999999
 11 14 28 50 74 96112120121116109104102105114124134139137126108 85 61 402312 2SD 734121171414099999999999999 016 11115410299999999999999
 26 21 27 42 61 82100112118117112106102101105112121127129125114 97 78 592312 3SD 818118175112999999999999999 056 21124010199999999999999
 43 34 33 40 54 71 89104113116115110105101100103107113117117112103 90 752312 4SD 9 5116183411799999999999999 138 32134610099999999999999
 61 50 44 45 52 64 80 95108115117114110104 99 96 96 98101104104102 96 872312 5SD 954117194210599999999999999 226 431530 9699999999999999
 77 67 59 55 56 62 74 88101112118119115109101 94 88 85 85 88 91 94 96 942312 6SD10401192158 9699999999999999 321 551726 8599999999999999
 90 84 76 69 65 66 72 82 96108118123122116106 95 84 75 70 70 75 81 89 952312 7SD1120123999999999999999999999 425 651829 7099999999999999
 98 97 93 86 79 74 74 80 91104116125127124114100 84 69 58 54 56 64 76 892312 8SD 021 98115612799999999999999 529 7419 9 5499999999999999
 99106107103 95 87 82 82 89100114125132132123108 89 68 50 39 37 44 58 762312 9SD 141107122813399999999999999 627 811944 3799999999999999
 94108116117112102 93 89 90 98110124134138134120 98 73 49 30 22 24 36 57231210SD 23711813 013899999999999999 718 882018 2199999999999999
 80102118126125117107 98 94 97107121134143143132112 84 55 29 12  7 15 34231211SD 323126133214499999999999999 8 4 942053  799999999999999
 59 87111126133129120109101 99105116131144150145128101 69 37 12 -2 -2 11231212SD 4 713314 515099999999999999 846 992131 -499999999999999
 35 65 94118132135130120109103104112126141152154143121 89 54 22 -1-11 -6231213SD 451135144015499999999999999 9261032211-1199999999999999
 12 40 71100122133134127117108105108119134148157154139112 77 42 12 -8-13231214SD 53613515181579999999999999910 41052252-1499999999999999
 -4 17 47 78104123131130123114107105111124139152157150131102 67 34  7 -8231215SD 62213215581579999999999999910421052336-1199999999999999
-10  3 26 55 83107122127125118109104105113126140151152143122 93 61 31  8231216SD 7 91281640153999999999999991124103999999999999999999999
 -3  0 14 37 63 89109120124120112105100103111123136144143133112 86 58 33231217SD 755124172814599999999999999 020 -3121210099999999999999
 15  9 13 28 49 73 95111120121115107100 96 98105116126132131121104 82 60231218SD 837121182213399999999999999 1 5  91311 9699999999999999
 40 28 24 30 44 63 84102115120119112103 94 89 89 94103111117117111 98 82231219SD 916120193111899999999999999 151 241427 8899999999999999
 66 52 43 42 48 61 78 96111120122118109 98 87 79 76 79 86 94101105103 96231220SD 95212221 910599999999999999 240 411558 7699999999999999
 87 76 66 60 60 66 77 92107119125125118107 92 77 66 60 61 67 77 87 95 99231221SD1028126232610099999999999999 332 591723 6099999999999999
 99 95 88 81 77 77 82 92105117127131128119103 85 66 51 43 43 51 63 78 91231222SD11 6131999999999999999999999 431 761830 4299999999999999
100105105101 95 91 90 95103115126134136131118 98 75 52 35 26 27 37 54 74231223SD 127106114813699999999999999 536 901923 2599999999999999
 92106114115111105100100103112123133140140132115 91 64 38 20 12 16 30 51231224SD 244115123314199999999999999 643 992011 1299999999999999
 75 97113122123118111106105108117128139145143131110 82 51 25  7  2 10 28231225SD 337123131914599999999999999 7451042054  299999999999999
 54 81105121128127120112107106111121133144148144128103 71 39 13 -1 -3 10231226SD 42012814 314899999999999999 8391062135 -499999999999999
 33 62 90112126130126118110104105112124137147150141121 93 60 28  5 -6 -2231227SD 458130144515099999999999999 9251042214 -699999999999999
 15 42 72 99119129129122113104101104113127140149148135112 81 48 20  1 -4231228SD 53113015251509999999999999910 61012252 -599999999999999
  5 26 54 83107123128124116106 98 97103115130142148143126100 69 39 14  1231229SD 6 312816 3148999999999999991042 962327  099999999999999
  2 16 40 68 94114124125118108 98 93 94103117131141142133114 88 59 32 13231230SD 6331251640143999999999999991118 922356  799999999999999
  7 13 31 55 81104118123119110100 91 88 93103117129136133122101 76 51 30231231SD 7 21231717136999999999999991155 88999999999999999999999
